PSRUTI SysEx-Protocol
File:  E:\PRIVATE FOLDER\FILE JOEL ROBERT\MIDI\JOELwindows7\JOELwindows7's Midi Mod and some original\Chrisye-Hening (REDEFINED).mid

[start sysexlist mbt]

002:01:000	F0 41 10 45 12 10 00 00 50 65 72 6B 65 64 65 6C 20 43 6F 72 70 2E 62 F7 	; Unknown Roland SysEx
002:01:000	F0 41 10 45 12 10 01 00 03 04 08 10 10 10 10 11 11 10 10 10 10 08 04 03 1F 00 00 06 06 06 06 1F 1F 06 06 06 06 00 00 1F 1C 02 01 00 00 00 00 18 18 00 00 00 00 01 02 1C 00 00 00 10 10 10 10 10 10 10 10 10 10 00 00 00 75 F7 	; Unknown Roland SysEx
002:02:000	F0 41 10 45 12 10 00 00 28 26 29 20 20 44 61 6E 20 20 20 20 20 28 26 29 0F F7 	; Unknown Roland SysEx
002:02:000	F0 41 10 45 12 10 01 00 00 00 01 01 01 01 00 00 01 02 02 02 02 02 02 01 0E 11 00 00 00 00 11 0E 1E 02 02 01 01 00 00 1F 00 00 10 10 10 10 00 00 00 00 00 04 0C 18 10 0C 00 00 00 00 00 00 00 00 00 00 00 00 00 00 00 00 58 F7 	; Unknown Roland SysEx
002:02:240	F0 41 10 45 12 10 00 00 57 61 68 79 75 20 44 50 20 28 4D 49 44 49 21 29 79 F7 	; Unknown Roland SysEx
002:02:240	F0 41 10 45 12 10 01 00 10 10 10 10 10 10 10 10 10 10 10 12 12 15 18 10 0B 0A 0A 0A 0A 0A 0A 0B 08 08 08 08 08 08 18 08 00 10 08 08 08 08 10 07 04 04 04 04 07 04 04 04 00 00 00 00 00 00 00 10 10 10 10 10 10 00 00 00 72 F7 	; Unknown Roland SysEx
003:01:000	F0 41 10 45 12 10 00 00 4D 65 6D 70 65 72 73 65 6D 62 61 68 6B 61 6E 21 3F F7 	; Unknown Roland SysEx
003:01:000	F0 41 10 45 12 10 01 00 19 09 04 00 00 1C 00 00 00 1C 00 04 04 09 09 10 05 05 15 10 00 1F 10 16 10 1F 00 10 12 02 01 01 0C 08 09 03 02 10 10 13 10 10 03 01 04 04 02 02 00 00 10 00 00 00 00 10 00 00 00 10 10 10 00 00 49 F7 	; Unknown Roland SysEx
004:01:000	F0 41 10 45 12 10 00 00 48 45 4E 49 4E 47 2E 2E 2E 2D F7 	; Unknown Roland SysEx
004:01:000	F0 41 10 45 12 10 01 00 00 0F 10 1F 10 1D 10 10 15 12 10 0F 02 02 02 02 00 10 0A 1A 0B 1A 0A 08 08 0B 0A 12 02 03 00 00 00 00 16 14 16 14 16 00 00 08 09 09 0E 0A 00 00 00 00 00 00 00 00 10 00 00 00 10 00 00 00 00 00 3B F7 	; Unknown Roland SysEx
005:01:000	F0 41 10 45 12 10 00 00 62 79 20 43 68 72 79 73 79 65 0E F7 	; Unknown Roland SysEx
005:01:000	F0 41 10 45 12 10 01 00 1D 11 11 11 1D 00 1C 10 1D 05 1D 00 01 00 00 00 00 00 1B 0A 0A 00 01 02 0B 0A 19 08 18 00 00 00 00 00 15 05 07 01 07 10 17 04 14 04 04 0C 0D 01 00 00 00 00 00 00 00 00 00 10 10 10 10 10 10 10 1C F7 	; Unknown Roland SysEx
006:01:000	F0 41 10 45 12 10 00 00 52 65 61 64 79 20 74 6F 20 73 69 6E 67 3F 21 21 26 F7 	; Unknown Roland SysEx
006:01:000	F0 41 10 45 12 10 01 00 03 03 00 01 01 09 05 05 09 01 01 01 01 01 01 1F 1F 1F 00 1F 00 00 08 0C 04 04 04 04 0E 00 00 1F 1C 1C 00 18 08 09 0A 0A 09 08 08 08 08 08 08 1F 00 00 00 00 00 00 00 00 00 00 00 00 00 00 00 10 1B F7 	; Unknown Roland SysEx
007:01:000	F0 41 10 45 12 10 00 00 20 20 20 20 20 20 20 20 33 20 20 20 20 20 20 20 5D F7 	; Unknown Roland SysEx
007:01:000	F0 41 10 45 12 10 01 00 00 01 00 00 00 00 00 00 00 00 00 00 00 00 01 00 1F 00 00 00 00 00 00 00 1F 00 00 00 00 00 00 1F 18 04 04 04 04 04 04 04 1C 04 04 04 04 04 04 18 00 00 00 00 00 00 00 00 00 00 00 00 00 00 00 00 10 F7 	; Unknown Roland SysEx
007:02:000	F0 41 10 45 12 10 00 00 20 20 20 20 20 20 20 20 20 20 20 20 20 20 20 32 5E F7 	; Unknown Roland SysEx
007:02:000	F0 41 10 45 12 10 01 00 00 00 00 00 00 00 00 00 00 00 00 00 00 00 00 00 01 01 02 02 00 00 00 00 00 00 00 00 00 01 01 03 1F 00 00 00 00 00 00 00 01 03 06 0C 18 10 00 1F 00 10 10 10 10 10 10 10 10 00 00 00 00 00 00 10 58 F7 	; Unknown Roland SysEx
007:03:000	F0 41 10 45 12 10 00 00 31 20 20 20 20 20 20 20 20 20 20 20 20 20 20 20 5F F7 	; Unknown Roland SysEx
007:03:000	F0 41 10 45 12 10 01 00 01 03 07 0D 19 11 01 01 01 01 01 01 01 01 01 1F 00 00 00 00 00 00 00 00 00 00 00 00 00 00 00 1C 00 00 00 00 00 00 00 00 00 00 00 00 00 00 00 00 00 00 00 00 00 00 00 00 00 00 00 00 00 00 00 00 69 F7 	; Unknown Roland SysEx
007:04:000	F0 41 10 45 12 10 00 00 7C 21 7C 3E 3E 3E 3E 47 4F 3C 3C 3C 3C 7C 21 7C 40 F7 	; Unknown Roland SysEx
007:04:000	F0 41 10 45 12 10 01 00 11 0D 04 06 02 02 00 1C 06 00 00 00 0E 18 10 00 05 15 15 00 00 0F 10 12 10 10 10 10 0F 06 06 06 06 04 08 08 08 03 16 10 17 14 10 17 01 06 03 00 00 00 00 00 00 10 00 00 00 00 00 00 10 00 00 10 53 F7 	; Unknown Roland SysEx
008:01:000	F0 41 10 45 12 10 00 00 4B 61 20 20 20 20 20 20 20 20 20 20 20 20 20 20 04 F7 	; Unknown Roland SysEx
008:01:000	F0 41 10 45 12 10 20 00 00 50 F7 	; Unknown Roland SysEx
008:01:240	F0 41 10 45 12 10 00 00 4B 61 6C 61 20 20 20 20 20 20 20 20 20 20 20 20 77 F7 	; Unknown Roland SysEx
008:02:000	F0 41 10 45 12 10 00 00 4B 61 6C 61 20 6D 61 20 20 20 20 20 20 20 20 20 69 F7 	; Unknown Roland SysEx
008:02:240	F0 41 10 45 12 10 00 00 4B 61 6C 61 20 6D 61 6C 61 6D 20 20 20 20 20 20 0F F7 	; Unknown Roland SysEx
008:02:240	F0 41 10 45 12 10 01 00 1F 1F 1E 1E 1C 1C 1C 1C 1C 1C 1C 1C 1E 1E 1F 1F 11 00 00 03 07 0F 0F 0F 0F 0F 0F 07 03 00 00 11 1F 1F 0F 0F 1F 1F 1F 1F 1F 1F 1F 1F 0F 0F 1F 1F 10 10 10 10 10 10 10 10 10 10 10 10 10 10 10 10 5B F7 	; Unknown Roland SysEx
008:04:240	F0 41 10 45 12 10 00 00 74 69 20 20 20 20 20 20 20 20 20 20 20 20 20 20 53 F7 	; Unknown Roland SysEx
008:04:280	F0 41 10 45 12 10 00 00 74 69 61 20 20 20 20 20 20 20 20 20 20 20 20 20 12 F7 	; Unknown Roland SysEx
009:01:000	F0 41 10 45 12 10 00 00 74 69 61 64 61 20 20 20 20 20 20 20 20 20 20 20 0D F7 	; Unknown Roland SysEx
009:01:240	F0 41 10 45 12 10 00 00 74 69 61 64 61 20 62 65 72 20 20 20 20 20 20 20 34 F7 	; Unknown Roland SysEx
009:02:000	F0 41 10 45 12 10 00 00 74 69 61 64 61 20 62 65 72 62 69 6E 20 20 20 20 5B F7 	; Unknown Roland SysEx
009:02:240	F0 41 10 45 12 10 00 00 74 69 61 64 61 20 62 65 72 62 69 6E 74 61 6E 67 31 F7 	; Unknown Roland SysEx
009:02:240	F0 41 10 45 12 10 01 00 1F 1F 1F 1F 1F 1F 1F 1F 1F 1F 1F 1F 1F 1F 1F 1F 1F 1F 1F 1F 1F 1F 1F 1F 1F 1F 1F 1F 1F 1F 1F 1F 1F 1F 1F 1F 1F 1F 1F 1F 1F 1F 1F 1F 1F 1F 1F 1F 10 10 10 10 10 10 10 10 10 10 10 10 10 10 10 10 1F F7 	; Unknown Roland SysEx
009:04:000	F0 41 10 45 12 10 00 00 20 20 20 20 20 20 20 20 20 20 20 20 20 20 20 20 70 F7 	; Unknown Roland SysEx
010:01:000	F0 41 10 45 12 10 00 00 54 61 6D 20 20 20 20 20 20 20 20 20 20 20 20 20 2E F7 	; Unknown Roland SysEx
010:01:240	F0 41 10 45 12 10 00 00 54 61 6D 70 61 6B 20 20 20 20 20 20 20 20 20 20 52 F7 	; Unknown Roland SysEx
010:02:000	F0 41 10 45 12 10 00 00 54 61 6D 70 61 6B 20 72 65 20 20 20 20 20 20 20 3B F7 	; Unknown Roland SysEx
010:02:240	F0 41 10 45 12 10 00 00 54 61 6D 70 61 6B 20 72 65 64 75 70 20 20 20 20 52 F7 	; Unknown Roland SysEx
010:02:240	F0 41 10 45 12 10 01 00 1F 0F 1F 1D 15 15 05 10 10 10 00 00 08 08 0C 08 1F 1F 0E 0B 17 0E 1E 14 14 10 11 15 00 09 00 04 1F 1F 17 1A 12 1B 19 00 00 00 00 0C 00 11 0A 08 10 10 10 00 00 00 00 00 00 00 00 10 10 10 10 10 19 F7 	; Unknown Roland SysEx
010:04:240	F0 41 10 45 12 10 00 00 77 61 20 20 20 20 20 20 20 20 20 20 20 20 20 20 58 F7 	; Unknown Roland SysEx
011:01:000	F0 41 10 45 12 10 00 00 77 61 6A 61 68 20 20 20 20 20 20 20 20 20 20 20 05 F7 	; Unknown Roland SysEx
011:01:240	F0 41 10 45 12 10 00 00 77 61 6A 61 68 20 72 65 6D 20 20 20 20 20 20 20 21 F7 	; Unknown Roland SysEx
011:02:000	F0 41 10 45 12 10 00 00 77 61 6A 61 68 20 72 65 6D 62 75 20 20 20 20 20 0A F7 	; Unknown Roland SysEx
011:02:240	F0 41 10 45 12 10 00 00 77 61 6A 61 68 20 72 65 6D 62 75 6C 61 6E 20 20 2F F7 	; Unknown Roland SysEx
011:02:240	F0 41 10 45 12 10 01 00 1E 1C 1D 1D 1D 1D 1D 1D 1D 1D 1D 1D 1D 1D 1C 1E 03 1C 1C 1C 05 1C 1C 1C 1C 1C 1C 13 1C 1C 1C 03 18 0C 04 04 14 04 04 04 04 04 04 04 04 04 0C 18 00 00 00 00 00 00 00 00 00 00 00 00 00 00 00 00 29 F7 	; Unknown Roland SysEx
011:04:000	F0 41 10 45 12 10 00 00 20 20 20 20 20 20 20 20 20 20 20 20 20 20 20 20 70 F7 	; Unknown Roland SysEx
012:01:000	F0 41 10 45 12 10 00 00 48 65 20 20 20 20 20 20 20 20 20 20 20 20 20 20 03 F7 	; Unknown Roland SysEx
012:01:000	F0 41 10 45 12 10 01 00 00 00 00 00 03 04 05 04 04 03 01 01 01 01 1F 00 00 00 00 00 10 08 18 08 08 10 00 00 00 00 1F 00 00 00 00 00 00 00 00 00 00 00 00 00 00 00 1F 00 00 00 00 00 00 00 00 00 00 00 00 00 00 00 10 00 17 F7 	; Unknown Roland SysEx
012:01:240	F0 41 10 45 12 10 00 00 48 65 6E 69 6E 67 20 20 20 20 20 20 20 20 20 20 57 F7 	; Unknown Roland SysEx
012:02:000	F0 41 10 45 12 10 00 00 48 65 6E 69 6E 67 20 73 75 20 20 20 20 20 20 20 2F F7 	; Unknown Roland SysEx
012:02:000	F0 41 10 45 12 10 01 00 00 00 00 00 03 04 05 04 04 03 01 01 01 01 1F 00 00 00 00 00 10 08 18 08 08 10 00 00 00 00 1F 00 00 00 00 00 00 00 00 00 00 00 00 00 00 00 1F 00 00 00 00 00 00 00 00 00 00 00 00 00 00 00 10 00 17 F7 	; Unknown Roland SysEx
012:02:240	F0 41 10 45 12 10 00 00 48 65 6E 69 6E 67 20 73 75 6E 79 69 20 20 20 20 3F F7 	; Unknown Roland SysEx
012:03:240	F0 41 10 45 12 10 00 00 73 61 20 20 20 20 20 20 20 20 20 20 20 20 20 20 5C F7 	; Unknown Roland SysEx
012:04:000	F0 41 10 45 12 10 00 00 73 61 6E 67 61 74 20 20 20 20 20 20 20 20 20 20 32 F7 	; Unknown Roland SysEx
012:04:240	F0 41 10 45 12 10 00 00 73 61 6E 67 61 74 20 6D 65 6E 20 20 20 20 20 20 52 F7 	; Unknown Roland SysEx
012:04:240	F0 41 10 45 12 10 01 00 00 00 00 00 03 04 05 04 04 03 01 01 01 01 1F 00 00 00 00 00 10 08 18 08 08 10 00 00 00 00 1F 00 00 00 00 00 00 00 00 00 00 00 00 00 00 00 1F 00 00 00 00 00 00 00 00 00 00 00 00 00 00 00 10 00 17 F7 	; Unknown Roland SysEx
013:02:000	F0 41 10 45 12 10 00 00 73 61 6E 67 61 74 20 6D 65 6E 63 65 20 20 20 20 4A F7 	; Unknown Roland SysEx
013:02:000	F0 41 10 45 12 10 01 00 00 00 00 00 03 04 05 04 04 03 01 01 01 01 1F 00 00 00 00 00 10 08 18 08 08 10 00 00 00 00 1F 00 00 00 00 00 00 00 00 00 00 00 00 00 00 00 1F 00 00 00 00 00 00 00 00 00 00 00 00 00 00 00 10 00 17 F7 	; Unknown Roland SysEx
013:02:240	F0 41 10 45 12 10 00 00 73 61 6E 67 61 74 20 6D 65 6E 63 65 6B 61 6D 2C 65 F7 	; Unknown Roland SysEx
013:02:240	F0 41 10 45 12 10 01 00 00 00 00 00 03 04 05 04 04 03 01 01 01 01 1F 00 0C 19 12 04 11 0A 18 08 08 10 00 00 00 00 1F 00 00 00 00 10 00 00 00 00 00 00 00 00 00 00 1F 00 00 00 00 00 00 00 00 00 00 00 00 00 00 00 10 00 49 F7 	; Unknown Roland SysEx
013:04:000	F0 41 10 45 12 10 00 00 44 65 20 20 20 20 20 20 20 20 20 20 20 20 20 20 07 F7 	; Unknown Roland SysEx
013:04:000	F0 41 10 45 12 10 01 00 00 0F 00 1F 00 00 00 1F 00 00 00 1F 00 00 0C 01 00 03 00 1F 00 0C 02 1F 00 1B 00 1F 00 0E 00 10 04 06 02 1C 03 03 01 1F 01 16 00 1E 01 05 07 02 00 00 00 00 00 00 00 00 00 00 00 00 00 00 00 00 3D F7 	; Unknown Roland SysEx
013:04:240	F0 41 10 45 12 10 00 00 44 65 73 69 72 20 20 20 20 20 20 20 20 20 20 20 19 F7 	; Unknown Roland SysEx
013:04:360	F0 41 10 45 12 10 00 00 44 65 73 69 72 20 61 20 20 20 20 20 20 20 20 20 58 F7 	; Unknown Roland SysEx
014:01:240	F0 41 10 45 12 10 00 00 44 65 73 69 72 20 61 6E 67 69 6E 20 20 20 20 20 2C F7 	; Unknown Roland SysEx
014:02:000	F0 41 10 45 12 10 00 00 44 65 73 69 72 20 61 6E 67 69 6E 2D 70 75 6E 20 2C F7 	; Unknown Roland SysEx
014:02:240	F0 41 10 45 12 10 00 00 74 61 6E 20 20 20 20 20 20 20 20 20 20 20 20 20 0D F7 	; Unknown Roland SysEx
014:03:000	F0 41 10 45 12 10 00 00 74 61 6E 70 61 20 20 20 20 20 20 20 20 20 20 20 7C F7 	; Unknown Roland SysEx
014:04:000	F0 41 10 45 12 10 00 00 74 61 6E 70 61 20 73 75 20 20 20 20 20 20 20 20 54 F7 	; Unknown Roland SysEx
014:04:020	F0 41 10 45 12 10 00 00 74 61 6E 70 61 20 73 75 61 20 20 20 20 20 20 20 13 F7 	; Unknown Roland SysEx
014:04:020	F0 41 10 45 12 10 01 00 00 00 00 01 1E 10 10 10 10 10 10 1E 01 00 00 00 04 0C 14 04 04 04 04 04 00 0E 15 15 15 11 15 0E 0F 1F 19 19 11 01 03 07 07 06 06 06 00 06 06 00 00 10 10 10 10 10 00 00 00 00 00 00 00 00 00 00 27 F7 	; Unknown Roland SysEx
014:04:240	F0 41 10 45 12 10 00 00 74 61 6E 70 61 20 73 75 61 72 61 20 20 20 20 20 01 F7 	; Unknown Roland SysEx
016:01:000	F0 41 10 45 12 10 00 00 6B 75 20 20 20 20 20 20 20 20 20 20 20 20 20 20 50 F7 	; Unknown Roland SysEx
016:01:240	F0 41 10 45 12 10 00 00 6B 75 74 65 72 20 20 20 20 20 20 20 20 20 20 20 65 F7 	; Unknown Roland SysEx
016:01:240	F0 41 10 45 12 10 01 00 00 00 00 00 00 00 00 00 00 00 00 00 00 00 1F 00 01 02 02 02 02 03 04 0C 0A 0A 0A 09 09 0E 1D 04 18 04 0C 04 04 18 10 10 10 10 11 03 03 1F 00 10 00 00 00 00 00 00 00 00 00 00 00 00 00 00 00 00 07 F7 	; Unknown Roland SysEx
016:02:000	F0 41 10 45 12 10 00 00 6B 75 74 65 72 6D 65 20 20 20 20 20 20 20 20 20 53 F7 	; Unknown Roland SysEx
016:02:240	F0 41 10 45 12 10 00 00 6B 75 74 65 72 6D 65 6E 75 6E 67 20 20 20 20 20 1B F7 	; Unknown Roland SysEx
016:04:240	F0 41 10 45 12 10 00 00 6D 65 20 20 20 20 20 20 20 20 20 20 20 20 20 20 5E F7 	; Unknown Roland SysEx
017:01:000	F0 41 10 45 12 10 00 00 6D 65 6E 61 20 20 20 20 20 20 20 20 20 20 20 20 4F F7 	; Unknown Roland SysEx
017:01:240	F0 41 10 45 12 10 00 00 6D 65 6E 61 74 61 70 20 20 20 20 20 20 20 20 20 6A F7 	; Unknown Roland SysEx
017:01:240	F0 41 10 45 12 10 01 00 1F 1F 1F 1F 1F 1F 1F 1F 1F 1F 1F 19 19 17 11 03 1F 1F 1F 1F 1F 1F 1F 1F 1F 1F 1F 1F 1F 1F 1F 1F 18 13 17 17 17 17 13 18 1F 1F 1F 1F 1F 1F 1F 1F 10 10 10 10 10 10 10 10 10 10 10 10 10 10 10 10 23 F7 	; Unknown Roland SysEx
017:02:000	F0 41 10 45 12 10 00 00 6D 65 6E 61 74 61 70 20 61 20 20 20 20 20 20 20 29 F7 	; Unknown Roland SysEx
017:02:240	F0 41 10 45 12 10 00 00 6D 65 6E 61 74 61 70 20 61 6C 61 6D 2C 20 20 20 43 F7 	; Unknown Roland SysEx
018:01:000	F0 41 10 45 12 10 00 00 4B 65 20 20 20 20 20 20 20 20 20 20 20 20 20 20 01 F7 	; Unknown Roland SysEx
018:01:240	F0 41 10 45 12 10 00 00 4B 65 70 61 20 20 20 20 20 20 20 20 20 20 20 20 6F F7 	; Unknown Roland SysEx
018:02:000	F0 41 10 45 12 10 00 00 4B 65 70 61 73 72 61 20 20 20 20 20 20 20 20 20 09 F7 	; Unknown Roland SysEx
018:02:240	F0 41 10 45 12 10 00 00 4B 65 70 61 73 72 61 68 61 6E 20 20 20 20 20 20 32 F7 	; Unknown Roland SysEx
018:02:240	F0 41 10 45 12 10 01 00 00 03 02 02 02 02 02 02 02 02 02 02 03 02 02 02 1C 02 01 00 00 00 00 00 00 00 00 1C 02 01 00 00 00 0C 14 04 04 04 04 04 04 04 04 04 0C 10 00 00 00 00 00 00 00 00 00 00 00 00 00 00 00 00 00 00 31 F7 	; Unknown Roland SysEx
018:04:240	F0 41 10 45 12 10 00 00 73 65 20 20 20 20 20 20 20 20 20 20 20 20 20 20 58 F7 	; Unknown Roland SysEx
019:01:000	F0 41 10 45 12 10 00 00 73 65 6D 61 20 20 20 20 20 20 20 20 20 20 20 20 4A F7 	; Unknown Roland SysEx
019:01:240	F0 41 10 45 12 10 00 00 73 65 6D 61 6B 69 6E 20 20 20 20 20 20 20 20 20 68 F7 	; Unknown Roland SysEx
019:02:000	F0 41 10 45 12 10 00 00 73 65 6D 61 6B 69 6E 20 64 61 20 20 20 20 20 20 63 F7 	; Unknown Roland SysEx
019:02:000	F0 41 10 45 12 10 01 00 00 03 02 02 02 02 02 02 02 02 02 02 03 02 02 02 1C 02 09 14 04 05 08 11 1C 00 00 1C 02 01 00 00 00 0C 14 04 04 0C 14 0C 04 04 04 04 0C 10 00 00 00 00 00 00 00 00 00 00 00 00 00 00 00 00 00 00 37 F7 	; Unknown Roland SysEx
019:02:240	F0 41 10 45 12 10 00 00 73 65 6D 61 6B 69 6E 20 64 61 6C 61 6D 20 20 20 09 F7 	; Unknown Roland SysEx
020:01:000	F0 41 10 45 12 10 00 00 4A 61 20 20 20 20 20 20 20 20 20 20 20 20 20 20 05 F7 	; Unknown Roland SysEx
020:01:000	F0 41 10 45 12 10 01 00 1F 1F 1F 1F 1F 1E 1C 1D 18 1B 12 17 15 17 10 1F 1F 1E 1C 11 02 07 19 10 10 19 1F 0F 1C 01 0F 1F 1F 00 1A 08 1E 16 1D 1D 13 1B 17 07 0F 1F 1F 1F 10 10 10 10 10 10 10 10 10 10 10 10 10 10 10 10 21 F7 	; Unknown Roland SysEx
020:01:240	F0 41 10 45 12 10 00 00 4A 61 67 61 64 20 20 20 20 20 20 20 20 20 20 20 39 F7 	; Unknown Roland SysEx
020:02:000	F0 41 10 45 12 10 00 00 4A 61 67 61 64 20 72 61 20 20 20 20 20 20 20 20 26 F7 	; Unknown Roland SysEx
020:02:240	F0 41 10 45 12 10 00 00 4A 61 67 61 64 20 72 61 79 61 20 20 20 20 20 20 0C F7 	; Unknown Roland SysEx
020:03:240	F0 41 10 45 12 10 00 00 64 61 6E 20 20 20 20 20 20 20 20 20 20 20 20 20 1D F7 	; Unknown Roland SysEx
020:03:240	F0 41 10 45 12 10 01 00 03 04 04 04 04 04 02 01 1F 10 10 10 10 10 10 1F 18 08 09 09 0B 0B 18 10 10 10 18 08 04 05 03 1F 00 00 00 00 0C 0E 00 03 02 00 00 04 18 10 00 1F 00 00 00 00 00 00 00 10 10 00 00 00 00 00 00 10 42 F7 	; Unknown Roland SysEx
020:04:000	F0 41 10 45 12 10 00 00 64 61 6E 20 73 65 20 20 20 20 20 20 20 20 20 20 05 F7 	; Unknown Roland SysEx
020:04:000	F0 41 10 45 12 10 01 00 00 00 00 00 00 00 00 00 00 01 00 00 00 00 00 00 04 04 04 04 04 04 04 04 04 04 15 0E 04 00 00 00 00 00 00 00 00 00 00 00 00 10 00 00 00 00 00 00 00 00 00 00 00 00 00 00 00 00 00 00 00 00 00 00 0F F7 	; Unknown Roland SysEx
020:04:240	F0 41 10 45 12 10 00 00 64 61 6E 20 73 65 69 20 20 20 20 20 20 20 20 20 3C F7 	; Unknown Roland SysEx
020:04:240	F0 41 10 45 12 10 01 00 00 00 00 00 00 00 00 00 00 01 00 00 00 00 00 07 04 04 04 04 04 04 04 04 04 04 15 0E 04 00 00 1F 00 00 00 00 00 00 00 00 00 10 00 00 00 00 00 1C 00 00 00 00 00 00 00 00 00 00 00 00 00 00 00 00 4D F7 	; Unknown Roland SysEx
021:02:000	F0 41 10 45 12 10 00 00 64 61 6E 20 73 65 69 73 69 20 20 20 20 20 20 20 20 F7 	; Unknown Roland SysEx
021:02:000	F0 41 10 45 12 10 01 00 00 00 00 00 00 00 04 04 04 05 04 04 04 04 04 07 04 04 04 04 04 04 04 04 04 04 15 0E 04 00 00 1F 00 00 00 00 00 00 04 04 04 14 04 04 04 04 04 1C 00 00 00 00 00 00 00 00 00 00 00 00 00 00 00 00 05 F7 	; Unknown Roland SysEx
021:02:240	F0 41 10 45 12 10 00 00 64 61 6E 20 73 65 69 73 69 6E 79 61 20 20 20 20 38 F7 	; Unknown Roland SysEx
021:02:240	F0 41 10 45 12 10 01 00 1E 1C 1C 1C 1D 1F 1C 1C 1D 1D 1C 1C 1C 1C 1C 1E 08 18 10 10 10 10 00 06 06 06 16 10 17 00 00 00 07 03 03 03 03 03 03 1B 13 1B 17 03 13 03 13 07 10 10 10 10 10 10 10 10 10 10 10 10 10 10 10 10 4A F7 	; Unknown Roland SysEx
021:04:000	F0 41 10 45 12 10 00 00 4C 75 20 20 20 20 20 20 20 20 20 20 20 20 20 20 6F F7 	; Unknown Roland SysEx
021:04:240	F0 41 10 45 12 10 00 00 4C 75 6B 69 20 20 20 20 20 20 20 20 20 20 20 20 5B F7 	; Unknown Roland SysEx
021:04:360	F0 41 10 45 12 10 00 00 4C 75 6B 69 73 61 6E 20 20 20 20 20 20 20 20 20 79 F7 	; Unknown Roland SysEx
021:04:360	F0 41 10 45 12 10 01 00 1C 1C 1C 1C 1C 1C 1C 1C 1C 1C 1C 1D 1C 1C 1C 1C 00 00 00 08 14 16 13 13 13 13 13 13 02 02 00 00 03 03 03 03 03 03 03 13 1B 1B 13 13 1B 0B 03 03 10 10 10 10 10 10 10 10 10 10 10 10 10 10 10 10 56 F7 	; Unknown Roland SysEx
022:01:240	F0 41 10 45 12 10 00 00 4C 75 6B 69 73 61 6E 20 73 65 20 20 20 20 20 20 61 F7 	; Unknown Roland SysEx
022:02:000	F0 41 10 45 12 10 00 00 4C 75 6B 69 73 61 6E 20 73 65 67 61 20 20 20 20 59 F7 	; Unknown Roland SysEx
022:02:240	F0 41 10 45 12 10 00 00 4C 75 6B 69 73 61 6E 20 73 65 67 61 6C 61 20 20 4C F7 	; Unknown Roland SysEx
022:03:000	F0 41 10 45 12 10 00 00 6B 75 20 20 20 20 20 20 20 20 20 20 20 20 20 20 50 F7 	; Unknown Roland SysEx
022:04:000	F0 41 10 45 12 10 00 00 6B 75 61 20 20 20 20 20 20 20 20 20 20 20 20 20 0F F7 	; Unknown Roland SysEx
022:04:240	F0 41 10 45 12 10 00 00 6B 75 61 73 61 20 20 20 20 20 20 20 20 20 20 20 7B F7 	; Unknown Roland SysEx
024:01:000	F0 41 10 45 12 10 00 00 4B 65 20 20 20 20 20 20 20 20 20 20 20 20 20 20 01 F7 	; Unknown Roland SysEx
024:01:000	F0 41 10 45 12 10 01 00 00 01 02 04 08 08 08 08 08 08 04 02 01 00 00 00 11 0A 04 01 00 00 00 00 00 00 00 00 00 11 0A 04 00 10 08 04 12 0A 02 02 02 02 04 08 10 00 00 00 00 00 00 00 00 00 00 00 00 00 00 00 00 00 00 00 16 F7 	; Unknown Roland SysEx
024:01:240	F0 41 10 45 12 10 00 00 4B 65 68 69 20 20 20 20 20 20 20 20 20 20 20 20 6F F7 	; Unknown Roland SysEx
024:02:000	F0 41 10 45 12 10 00 00 4B 65 68 69 64 75 20 20 20 20 20 20 20 20 20 20 56 F7 	; Unknown Roland SysEx
024:02:240	F0 41 10 45 12 10 00 00 4B 65 68 69 64 75 70 61 6E 20 20 20 20 20 20 20 77 F7 	; Unknown Roland SysEx
024:03:240	F0 41 10 45 12 10 00 00 4B 65 68 69 64 75 70 61 6E 20 64 69 20 20 20 20 6A F7 	; Unknown Roland SysEx
024:03:240	F0 41 10 45 12 10 01 00 1F 10 10 12 12 12 12 12 12 1A 17 12 10 10 10 1F 01 10 08 04 04 04 04 04 04 14 04 04 04 08 10 01 1F 04 04 04 04 04 04 04 04 04 04 04 04 04 04 1F 10 00 00 00 00 00 00 00 00 00 00 00 00 00 00 10 32 F7 	; Unknown Roland SysEx
024:04:000	F0 41 10 45 12 10 00 00 61 20 20 20 20 20 20 20 20 20 20 20 20 20 20 20 2F F7 	; Unknown Roland SysEx
024:04:000	F0 41 10 45 12 10 01 00 1F 1F 1F 1F 1F 1F 1F 1F 02 00 08 1B 19 1B 00 1F 1F 1F 1F 1F 1F 1F 1F 1F 0F 10 10 09 1D 1D 00 1F 1C 1D 1D 1C 1F 1F 1F 1F 1F 08 00 1B 1B 1B 00 1F 00 10 10 00 10 10 10 10 10 00 00 00 10 10 00 10 51 F7 	; Unknown Roland SysEx
024:04:240	F0 41 10 45 12 10 00 00 61 6C 61 6D 20 20 20 20 20 20 20 20 20 20 20 20 55 F7 	; Unknown Roland SysEx
025:01:240	F0 41 10 45 12 10 00 00 61 6C 61 6D 20 73 65 20 20 20 20 20 20 20 20 20 3D F7 	; Unknown Roland SysEx
025:01:240	F0 41 10 45 12 10 01 00 1F 1C 1B 14 16 16 1D 1F 1F 1F 1F 1B 19 1C 1E 1F 1F 1F 0E 1C 14 1F 1F 18 12 14 13 1F 1F 1E 1F 1F 1F 1F 19 19 19 19 19 1B 1D 1D 1F 1F 07 1E 1C 1F 10 10 10 10 10 10 10 00 00 10 10 10 10 00 10 10 10 F7 	; Unknown Roland SysEx
025:02:000	F0 41 10 45 12 10 00 00 61 6C 61 6D 20 73 65 6D 65 73 20 20 20 20 20 20 58 F7 	; Unknown Roland SysEx
025:02:240	F0 41 10 45 12 10 00 00 61 6C 61 6D 20 73 65 6D 65 73 74 61 2C 20 20 20 37 F7 	; Unknown Roland SysEx
025:04:240	F0 41 10 45 12 10 00 00 4D 65 20 20 20 20 20 20 20 20 20 20 20 20 20 20 7E F7 	; Unknown Roland SysEx
026:01:240	F0 41 10 45 12 10 00 00 4D 65 6E 67 61 20 20 20 20 20 20 20 20 20 20 20 28 F7 	; Unknown Roland SysEx
026:02:000	F0 41 10 45 12 10 00 00 4D 65 6E 67 61 67 75 6D 20 20 20 20 20 20 20 20 3F F7 	; Unknown Roland SysEx
026:02:000	F0 41 10 45 12 10 01 00 00 00 00 00 00 00 00 00 00 00 00 00 00 00 00 00 07 05 05 05 05 05 1F 15 1D 15 1D 15 1D 15 1F 1F 00 00 00 00 00 00 00 00 1F 00 00 00 00 00 1F 00 00 00 00 00 00 00 00 00 10 00 00 00 00 00 10 00 69 F7 	; Unknown Roland SysEx
026:02:240	F0 41 10 45 12 10 00 00 4D 65 6E 67 61 67 75 6D 6B 61 6E 20 20 20 20 20 65 F7 	; Unknown Roland SysEx
026:03:240	F0 41 10 45 12 10 00 00 4D 65 6E 67 61 67 75 6D 6B 61 6E 20 64 61 6E 20 12 F7 	; Unknown Roland SysEx
026:03:240	F0 41 10 45 12 10 01 00 01 02 04 04 04 04 02 01 07 08 10 10 10 10 08 07 00 10 0B 0A 0A 0A 13 00 10 10 08 08 05 05 06 1F 00 00 00 10 10 10 04 0A 0E 0A 00 04 16 05 04 10 00 00 00 00 00 00 00 00 00 00 00 10 10 10 10 00 07 F7 	; Unknown Roland SysEx
026:04:000	F0 41 10 45 12 10 00 00 6C 75 20 20 20 20 20 20 20 20 20 20 20 20 20 20 4F F7 	; Unknown Roland SysEx
026:04:000	F0 41 10 45 12 10 01 00 1F 10 10 10 10 10 10 1F 00 00 00 00 00 00 10 0F 18 00 00 00 00 01 00 00 10 08 08 09 08 08 10 00 00 00 00 04 04 04 15 0E 04 0E 15 04 04 04 00 00 00 00 00 00 00 10 00 00 00 00 00 10 00 00 00 00 4E F7 	; Unknown Roland SysEx
026:04:240	F0 41 10 45 12 10 00 00 6C 75 61 72 20 20 20 20 20 20 20 20 20 20 20 20 3C F7 	; Unknown Roland SysEx
027:01:240	F0 41 10 45 12 10 00 00 6C 75 61 72 20 62 69 20 20 20 20 20 20 20 20 20 31 F7 	; Unknown Roland SysEx
027:02:000	F0 41 10 45 12 10 00 00 6C 75 61 72 20 62 69 61 20 20 20 20 20 20 20 20 70 F7 	; Unknown Roland SysEx
027:02:240	F0 41 10 45 12 10 00 00 6C 75 61 72 20 62 69 61 73 61 2C 20 20 20 20 20 50 F7 	; Unknown Roland SysEx
027:04:000	F0 41 10 45 12 10 00 00 53 65 20 20 20 20 20 20 20 20 20 20 20 20 20 20 78 F7 	; Unknown Roland SysEx
027:04:000	F0 41 10 45 12 10 20 00 00 50 F7 	; Unknown Roland SysEx
027:04:240	F0 41 10 45 12 10 00 00 53 65 6D 61 20 20 20 20 20 20 20 20 20 20 20 20 6A F7 	; Unknown Roland SysEx
028:01:000	F0 41 10 45 12 10 00 00 53 65 6D 61 6B 69 6E 20 20 20 20 20 20 20 20 20 08 F7 	; Unknown Roland SysEx
028:01:240	F0 41 10 45 12 10 00 00 53 65 6D 61 6B 69 6E 20 6B 75 20 20 20 20 20 20 68 F7 	; Unknown Roland SysEx
028:02:000	F0 41 10 45 12 10 00 00 53 65 6D 61 6B 69 6E 20 6B 75 72 61 20 20 20 20 55 F7 	; Unknown Roland SysEx
028:02:240	F0 41 10 45 12 10 00 00 53 65 6D 61 6B 69 6E 20 6B 75 72 61 73 61 20 20 41 F7 	; Unknown Roland SysEx
028:02:240	F0 41 10 45 12 10 01 00 1F 10 10 10 10 10 10 1E 10 10 10 10 10 10 10 10 10 00 00 00 00 00 00 00 00 1D 15 1D 11 11 1D 00 02 02 02 02 02 02 02 02 02 1A 0A 1A 02 02 1B 00 00 00 00 00 00 00 00 00 00 00 00 00 00 00 10 00 35 F7 	; Unknown Roland SysEx
028:03:240	F0 41 10 45 12 10 00 00 6B 65 20 20 20 20 20 20 20 20 20 20 20 20 20 20 60 F7 	; Unknown Roland SysEx
028:03:240	F0 41 10 45 12 10 01 00 00 00 00 00 00 00 00 07 00 00 00 00 00 00 00 00 00 00 01 00 00 00 00 1F 00 00 00 00 01 00 00 00 00 00 00 10 08 04 02 1F 02 04 08 10 00 00 00 00 00 00 00 00 00 00 00 00 00 00 00 00 00 00 00 00 6C F7 	; Unknown Roland SysEx
028:04:000	F0 41 10 45 12 10 00 00 6B 65 61 20 20 20 20 20 20 20 20 20 20 20 20 20 1F F7 	; Unknown Roland SysEx
028:04:000	F0 41 10 45 12 10 01 00 00 00 00 00 00 00 00 07 00 00 00 00 00 00 00 00 00 00 01 00 00 00 00 1F 00 00 00 00 01 00 00 00 00 00 00 10 08 04 02 1F 02 04 08 10 00 00 00 00 00 00 00 00 00 00 00 00 00 00 00 00 00 00 00 00 6C F7 	; Unknown Roland SysEx
028:04:240	F0 41 10 45 12 10 00 00 6B 65 61 67 75 20 20 20 20 20 20 20 20 20 20 20 03 F7 	; Unknown Roland SysEx
028:04:240	F0 41 10 45 12 10 01 00 08 04 06 02 02 01 11 11 08 0C 04 06 02 03 00 00 06 06 06 06 06 06 06 06 16 16 16 10 00 06 09 10 03 02 04 0C 08 08 10 11 13 16 14 04 01 03 02 10 00 00 00 00 00 00 10 10 00 00 00 00 10 00 00 00 25 F7 	; Unknown Roland SysEx
029:01:240	F0 41 10 45 12 10 00 00 6B 65 61 67 75 6E 67 61 6E 20 20 20 20 20 20 20 5F F7 	; Unknown Roland SysEx
029:02:000	F0 41 10 45 12 10 00 00 6B 65 61 67 75 6E 67 61 6E 20 69 20 20 20 20 20 16 F7 	; Unknown Roland SysEx
029:02:240	F0 41 10 45 12 10 00 00 6B 65 61 67 75 6E 67 61 6E 20 69 6E 69 20 20 20 7F F7 	; Unknown Roland SysEx
029:02:240	F0 41 10 45 12 10 01 00 00 00 00 00 00 01 01 01 01 01 09 05 03 01 00 00 00 00 00 0F 10 00 00 00 00 00 04 08 10 00 00 00 00 00 00 10 08 04 02 01 00 00 00 00 00 00 00 00 00 00 00 00 00 00 00 00 00 00 00 00 00 00 00 00 7E F7 	; Unknown Roland SysEx
029:04:240	F0 41 10 45 12 10 00 00 4B 61 72 20 20 20 20 20 20 20 20 20 20 20 20 20 32 F7 	; Unknown Roland SysEx
029:04:240	F0 41 10 45 12 10 20 00 00 50 F7 	; Unknown Roland SysEx
030:01:000	F0 41 10 45 12 10 00 00 4B 61 72 79 61 20 20 20 20 20 20 20 20 20 20 20 18 F7 	; Unknown Roland SysEx
030:01:240	F0 41 10 45 12 10 00 00 4B 61 72 79 61 20 63 69 70 20 20 20 20 20 20 20 3C F7 	; Unknown Roland SysEx
030:02:000	F0 41 10 45 12 10 00 00 4B 61 72 79 61 20 63 69 70 74 61 20 20 20 20 20 27 F7 	; Unknown Roland SysEx
030:02:000	F0 41 10 45 12 10 01 00 00 00 01 01 01 01 01 0F 0F 01 01 01 01 01 00 00 00 01 01 01 01 01 01 1D 1D 01 01 01 01 01 01 00 00 00 00 00 00 00 00 00 02 02 1A 0A 09 08 18 03 00 00 00 00 00 00 00 00 10 10 10 10 10 10 10 10 2D F7 	; Unknown Roland SysEx
030:02:240	F0 41 10 45 12 10 00 00 4B 61 72 79 61 20 63 69 70 74 61 2D 4D 75 20 20 18 F7 	; Unknown Roland SysEx
030:02:240	F0 41 10 45 12 10 01 00 1F 1F 1F 1F 1F 1F 1E 1F 1F 1F 1F 1F 1F 1F 1F 1F 1F 1F 1F 1B 11 0A 1B 1B 1B 1B 1B 1B 1B 1B 1F 1F 1F 1F 1F 1F 1F 1F 0F 1F 1F 1F 1F 1F 1F 1F 1F 1F 10 10 10 10 10 10 10 10 10 10 10 10 10 10 10 10 77 F7 	; Unknown Roland SysEx
030:03:240	F0 41 10 45 12 10 00 00 54 55 20 20 20 20 20 20 20 20 20 20 20 20 20 20 07 F7 	; Unknown Roland SysEx
030:04:240	F0 41 10 45 12 10 00 00 54 55 48 41 4E 2E 20 20 20 20 20 20 20 20 20 20 02 F7 	; Unknown Roland SysEx
030:04:240	F0 41 10 45 12 10 01 00 00 00 00 01 01 01 00 00 00 00 00 00 00 00 00 00 06 06 06 1F 1F 1F 06 06 06 06 06 06 06 06 06 06 00 00 00 18 18 18 00 00 00 00 00 00 00 00 00 00 00 00 00 00 00 00 00 00 00 00 00 00 00 00 00 00 79 F7 	; Unknown Roland SysEx
031:04:000	F0 41 10 45 12 10 20 00 00 50 F7 	; Unknown Roland SysEx
032:01:000	F0 41 10 45 12 10 00 00 45 6D 20 20 20 20 20 20 20 20 20 20 20 20 20 20 7E F7 	; Unknown Roland SysEx
032:01:000	F0 41 10 45 12 10 01 00 00 00 0E 0E 0E 00 00 01 01 00 00 0C 0C 0C 0C 00 00 00 03 07 06 18 18 18 18 00 01 01 19 19 00 00 00 00 06 06 06 0E 0C 00 18 18 18 18 1B 1B 03 00 00 00 00 00 00 00 00 00 00 00 00 00 00 00 00 00 2A F7 	; Unknown Roland SysEx
032:01:240	F0 41 10 45 12 10 00 00 45 6D 62 75 6E 20 20 20 20 20 20 20 20 20 20 20 19 F7 	; Unknown Roland SysEx
032:02:000	F0 41 10 45 12 10 00 00 45 6D 62 75 6E 20 70 61 20 20 20 20 20 20 20 20 08 F7 	; Unknown Roland SysEx
032:02:240	F0 41 10 45 12 10 00 00 45 6D 62 75 6E 20 70 61 67 69 20 20 20 20 20 20 78 F7 	; Unknown Roland SysEx
032:04:240	F0 41 10 45 12 10 00 00 45 6D 62 75 6E 20 70 61 67 69 20 64 61 6E 20 20 25 F7 	; Unknown Roland SysEx
032:04:240	F0 41 10 45 12 10 01 00 08 08 0C 04 06 02 03 04 08 10 10 10 10 10 08 07 00 00 00 00 03 18 00 00 00 00 00 00 00 00 00 18 00 00 00 00 1C 10 17 14 14 14 14 17 00 00 00 00 00 00 00 00 00 00 10 10 10 10 10 10 00 00 00 00 1C F7 	; Unknown Roland SysEx
033:01:000	F0 41 10 45 12 10 00 00 72 65 20 20 20 20 20 20 20 20 20 20 20 20 20 20 59 F7 	; Unknown Roland SysEx
033:01:000	F0 41 10 45 12 10 01 00 00 00 00 00 00 09 09 09 09 0D 0D 0D 0D 1F 0C 00 00 00 03 03 13 13 13 13 13 13 13 13 13 1F 13 03 00 00 00 00 00 00 06 06 06 06 06 06 06 1F 00 00 00 10 10 10 10 10 10 10 10 10 10 10 10 10 00 00 6D F7 	; Unknown Roland SysEx
033:01:240	F0 41 10 45 12 10 00 00 72 65 72 75 6D 20 20 20 20 20 20 20 20 20 20 20 65 F7 	; Unknown Roland SysEx
033:02:000	F0 41 10 45 12 10 00 00 72 65 72 75 6D 70 75 20 20 20 20 20 20 20 20 20 40 F7 	; Unknown Roland SysEx
033:02:240	F0 41 10 45 12 10 00 00 72 65 72 75 6D 70 75 74 61 6E 2C 20 20 20 20 20 51 F7 	; Unknown Roland SysEx
034:01:000	F0 41 10 45 12 10 00 00 48 69 20 20 20 20 20 20 20 20 20 20 20 20 20 20 7F F7 	; Unknown Roland SysEx
034:01:000	F0 41 10 45 12 10 01 00 00 00 00 1E 10 10 10 10 10 16 12 12 1E 00 00 00 00 00 00 00 00 00 00 00 00 1B 13 12 13 00 00 00 00 00 00 00 00 00 00 00 00 0F 0E 0A 0E 00 00 00 00 00 00 00 00 00 00 00 00 00 10 10 10 00 00 00 71 F7 	; Unknown Roland SysEx
034:01:240	F0 41 10 45 12 10 00 00 48 69 6A 61 20 20 20 20 20 20 20 20 20 20 20 20 74 F7 	; Unknown Roland SysEx
034:01:280	F0 41 10 45 12 10 00 00 48 69 6A 61 75 20 20 20 20 20 20 20 20 20 20 20 1F F7 	; Unknown Roland SysEx
034:02:000	F0 41 10 45 12 10 00 00 48 69 6A 61 75 20 64 61 20 20 20 20 20 20 20 20 1A F7 	; Unknown Roland SysEx
034:02:000	F0 41 10 45 12 10 01 00 01 02 04 08 12 12 12 1F 1F 12 12 12 18 04 02 01 1F 00 15 15 15 15 15 1F 1F 15 15 15 15 15 00 1F 18 04 06 03 09 09 09 1F 1F 09 09 09 03 06 04 18 00 00 00 00 00 00 00 10 10 00 00 00 00 00 00 00 6B F7 	; Unknown Roland SysEx
034:02:240	F0 41 10 45 12 10 00 00 48 69 6A 61 75 20 64 61 75 6E 20 20 20 20 20 20 77 F7 	; Unknown Roland SysEx
034:04:240	F0 41 10 45 12 10 00 00 28 26 29 20 64 61 6E 20 28 26 29 0F F7 	; Unknown Roland SysEx
034:04:240	F0 41 10 45 12 10 01 00 11 11 11 11 11 11 15 1B 15 1B 17 11 11 11 09 07 08 0C 0C 0A 0A 0A 0A 0A 0A 0A 0A 0A 0A 09 09 08 17 14 14 14 14 14 14 14 14 14 14 14 14 14 14 17 00 10 10 10 10 10 10 10 10 10 10 10 10 10 10 00 0B F7 	; Unknown Roland SysEx
035:01:000	F0 41 10 45 12 10 00 00 77 61 72 20 20 20 20 20 20 20 20 20 20 20 20 20 06 F7 	; Unknown Roland SysEx
035:01:000	F0 41 10 45 12 10 01 00 00 00 0E 10 11 11 11 11 11 11 11 11 10 0E 00 00 00 00 00 1A 06 06 06 06 06 06 06 06 1A 03 00 00 00 00 00 1F 16 16 16 17 16 16 17 1F 02 12 00 00 00 00 00 10 10 10 10 00 00 00 00 10 10 10 00 00 66 F7 	; Unknown Roland SysEx
035:01:240	F0 41 10 45 12 10 00 00 77 61 72 6E 61 20 20 20 20 20 20 20 20 20 20 20 77 F7 	; Unknown Roland SysEx
035:01:240	F0 41 10 45 12 10 01 00 1F 1F 11 0F 0E 0E 0E 0E 0E 0E 0E 0E 0F 11 1F 1F 1F 1F 1F 05 19 19 19 19 19 19 19 19 05 1C 1F 1F 1F 1F 1F 00 09 09 09 08 09 09 08 00 1D 0D 1F 1F 10 10 10 00 00 00 00 10 10 10 10 00 00 00 10 10 28 F7 	; Unknown Roland SysEx
035:02:000	F0 41 10 45 12 10 00 00 77 61 72 6E 61 20 62 75 20 20 20 20 20 20 20 20 60 F7 	; Unknown Roland SysEx
035:02:000	F0 41 10 45 12 10 01 00 00 07 05 07 00 07 04 04 04 04 07 00 07 05 07 00 0F 09 09 09 16 0F 19 19 19 19 0F 16 09 09 09 0F 00 0E 0A 0E 10 0E 12 12 12 12 0E 10 0E 0A 0E 00 00 00 00 00 00 00 00 00 00 00 00 00 00 00 00 00 59 F7 	; Unknown Roland SysEx
035:02:240	F0 41 10 45 12 10 00 00 77 61 72 6E 61 20 62 75 6E 67 61 2C 20 20 20 20 7E F7 	; Unknown Roland SysEx
036:01:000	F0 41 10 45 12 10 00 00 4B 69 20 20 20 20 20 20 20 20 20 20 20 20 20 20 7C F7 	; Unknown Roland SysEx
036:01:000	F0 41 10 45 12 10 01 00 00 00 00 03 00 00 00 00 00 00 00 00 1F 00 00 00 00 1C 1C 1C 1C 0F 04 07 03 02 02 0F 10 00 00 00 00 00 00 00 00 1C 10 10 00 03 0E 1C 06 03 01 00 00 00 00 00 00 00 00 00 00 00 10 00 00 00 00 00 1A F7 	; Unknown Roland SysEx
036:01:240	F0 41 10 45 12 10 00 00 4B 69 63 61 20 20 20 20 20 20 20 20 20 20 20 20 78 F7 	; Unknown Roland SysEx
036:01:280	F0 41 10 45 12 10 00 00 4B 69 63 61 75 20 20 20 20 20 20 20 20 20 20 20 23 F7 	; Unknown Roland SysEx
036:01:280	F0 41 10 45 12 10 01 00 00 18 0A 01 0A 18 00 00 0C 18 00 00 1F 00 00 00 00 1C 1C 1C 1C 0F 04 07 03 02 02 0F 10 00 00 00 00 00 00 00 00 1C 10 10 00 03 0E 1C 06 03 01 00 00 00 00 00 00 00 00 00 00 00 10 00 00 00 00 00 34 F7 	; Unknown Roland SysEx
036:02:000	F0 41 10 45 12 10 00 00 4B 69 63 61 75 20 62 75 20 20 20 20 20 20 20 20 0C F7 	; Unknown Roland SysEx
036:02:000	F0 41 10 45 12 10 01 00 00 00 00 03 00 00 00 00 00 00 00 00 1F 00 00 00 00 1C 1C 1C 1C 0F 04 07 03 02 02 0F 10 00 00 00 00 00 00 00 00 1C 10 10 00 03 0E 1C 06 03 01 00 00 00 00 00 00 00 00 00 00 00 10 00 00 00 00 00 1A F7 	; Unknown Roland SysEx
036:02:240	F0 41 10 45 12 10 00 00 4B 69 63 61 75 20 62 75 72 75 6E 67 20 20 20 20 50 F7 	; Unknown Roland SysEx
036:02:240	F0 41 10 45 12 10 01 00 00 18 0A 01 0A 18 00 00 0C 18 00 00 1F 00 00 00 00 1C 1C 1C 1C 0F 04 07 03 02 02 0F 10 00 00 00 00 00 00 00 00 1C 10 10 00 03 0E 1C 06 03 01 00 00 00 00 00 00 00 00 00 00 00 10 00 00 00 00 00 34 F7 	; Unknown Roland SysEx
036:03:240	F0 41 10 45 12 10 00 00 28 40 29 20 79 61 6E 67 20 28 40 29 5F F7 	; Unknown Roland SysEx
036:03:240	F0 41 10 45 12 10 01 00 00 00 00 03 00 00 00 00 00 00 00 00 1F 00 00 00 00 1C 1C 1C 1C 0F 04 07 03 02 02 0F 10 00 00 00 00 00 00 00 00 1C 10 10 00 03 0E 1C 06 03 01 00 00 00 00 00 00 00 00 00 00 00 10 00 00 00 00 00 1A F7 	; Unknown Roland SysEx
036:04:000	F0 41 10 45 12 10 00 00 68 69 6E 67 20 20 20 20 20 20 20 20 20 20 20 20 4A F7 	; Unknown Roland SysEx
036:04:000	F0 41 10 45 12 10 01 00 00 18 0A 01 0A 18 00 00 0C 18 00 00 1F 00 00 00 00 1C 1C 1C 1C 0F 04 07 03 02 02 0F 10 00 00 00 00 00 00 00 00 1C 10 10 00 03 0E 1C 06 03 01 00 00 00 00 00 00 00 00 00 00 00 10 00 00 00 00 00 34 F7 	; Unknown Roland SysEx
036:04:240	F0 41 10 45 12 10 00 00 68 69 6E 67 67 61 70 20 20 20 20 20 20 20 20 20 72 F7 	; Unknown Roland SysEx
036:04:240	F0 41 10 45 12 10 01 00 00 00 00 03 00 00 00 00 00 00 00 00 1F 00 00 00 00 1C 1C 1C 1C 0F 04 07 03 02 02 0F 10 00 00 00 00 00 00 00 00 1C 10 10 00 03 0E 1C 06 03 01 00 00 00 00 00 00 00 00 00 00 00 10 00 00 00 00 00 1A F7 	; Unknown Roland SysEx
037:01:240	F0 41 10 45 12 10 00 00 68 69 6E 67 67 61 70 20 64 69 20 20 20 20 20 20 65 F7 	; Unknown Roland SysEx
037:02:000	F0 41 10 45 12 10 00 00 68 69 6E 67 67 61 70 20 64 69 64 61 20 20 20 20 60 F7 	; Unknown Roland SysEx
037:02:000	F0 41 10 45 12 10 01 00 00 18 0A 01 0A 18 00 00 0C 18 00 00 1F 00 00 00 00 1C 1C 1C 1C 0F 04 07 03 02 02 0F 10 00 00 00 00 00 00 00 00 1C 10 10 00 03 0E 1C 06 03 01 00 00 00 00 00 00 00 00 00 00 00 10 00 00 00 00 00 34 F7 	; Unknown Roland SysEx
037:02:240	F0 41 10 45 12 10 00 00 68 69 6E 67 67 61 70 20 64 69 64 61 68 61 6E 2C 7D F7 	; Unknown Roland SysEx
037:02:240	F0 41 10 45 12 10 01 00 00 00 02 01 04 04 04 04 15 0E 04 00 1F 00 00 00 00 1C 1C 1C 1C 0F 04 07 03 02 02 0F 10 00 00 00 00 00 00 00 00 1C 10 10 00 03 0E 1C 06 03 01 00 00 00 00 00 00 00 00 00 00 00 10 00 00 00 00 00 63 F7 	; Unknown Roland SysEx
037:04:000	F0 41 10 45 12 10 00 00 4D 61 20 20 20 20 20 20 20 20 20 20 20 20 20 20 02 F7 	; Unknown Roland SysEx
037:04:000	F0 41 10 45 12 10 01 00 00 06 03 01 00 00 0F 0F 0F 0F 00 00 01 03 06 00 00 06 06 16 00 06 09 09 09 09 09 06 10 06 06 00 00 06 0C 18 00 00 0F 0F 0F 0F 00 00 18 0C 06 00 00 00 00 00 00 00 00 00 00 00 00 00 00 00 00 00 18 F7 	; Unknown Roland SysEx
037:04:240	F0 41 10 45 12 10 00 00 4D 61 74 61 20 20 20 20 20 20 20 20 20 20 20 20 6D F7 	; Unknown Roland SysEx
037:04:240	F0 41 10 45 12 10 01 00 1F 19 1C 1E 1F 1F 10 10 10 10 1F 1F 1E 1C 19 1F 1F 19 19 09 1F 19 16 16 16 16 16 19 0F 19 19 1F 1F 19 13 07 1F 1F 10 10 10 10 1F 1F 07 13 19 1F 10 10 10 10 10 10 10 10 10 10 10 10 10 10 10 10 76 F7 	; Unknown Roland SysEx
037:04:360	F0 41 10 45 12 10 00 00 4D 61 74 61 68 61 20 20 20 20 20 20 20 20 20 20 64 F7 	; Unknown Roland SysEx
037:04:360	F0 41 10 45 12 10 01 00 00 06 03 01 00 00 0F 0F 0F 0F 00 00 01 03 06 00 00 06 06 16 00 06 09 09 09 09 09 06 10 06 06 00 00 06 0C 18 00 00 0F 0F 0F 0F 00 00 18 0C 06 00 00 00 00 00 00 00 00 00 00 00 00 00 00 00 00 00 18 F7 	; Unknown Roland SysEx
038:01:240	F0 41 10 45 12 10 00 00 4D 61 74 61 68 61 72 69 20 20 20 20 20 20 20 20 49 F7 	; Unknown Roland SysEx
038:01:240	F0 41 10 45 12 10 01 00 00 06 03 01 00 00 0F 0F 0F 0F 00 00 01 03 06 00 00 06 06 16 00 06 09 09 09 09 09 06 10 06 06 00 00 06 0C 18 00 00 0F 0F 0F 0F 00 00 18 0C 06 00 00 00 00 00 00 00 00 00 00 00 00 00 00 00 00 00 18 F7 	; Unknown Roland SysEx
038:02:000	F0 41 10 45 12 10 00 00 4D 61 74 61 68 61 72 69 20 62 65 72 20 20 20 20 70 F7 	; Unknown Roland SysEx
038:02:000	F0 41 10 45 12 10 01 00 00 00 00 00 00 00 00 00 00 00 00 00 00 00 00 00 00 00 00 00 00 06 09 09 09 09 09 06 00 00 00 00 00 00 00 00 00 00 00 00 00 00 00 00 00 00 00 00 00 00 00 00 00 00 00 00 00 00 00 00 00 00 00 00 36 F7 	; Unknown Roland SysEx
038:02:240	F0 41 10 45 12 10 00 00 4D 61 74 61 68 61 72 69 20 62 65 72 73 69 20 20 54 F7 	; Unknown Roland SysEx
038:02:240	F0 41 10 45 12 10 01 00 00 00 00 00 00 00 01 01 01 01 01 00 00 00 00 00 00 00 00 06 00 06 09 09 09 09 09 06 00 06 00 00 00 00 00 00 00 00 08 08 08 08 08 00 00 00 00 00 00 00 00 00 00 00 00 00 00 00 00 00 00 00 00 00 7D F7 	; Unknown Roland SysEx
038:03:000	F0 41 10 45 12 10 00 00 62 65 72 73 69 6E 61 72 20 20 20 20 20 20 20 20 1A F7 	; Unknown Roland SysEx
038:03:000	F0 41 10 45 12 10 01 00 00 00 00 00 00 00 03 03 03 03 03 00 00 00 00 00 00 00 06 06 00 06 09 09 09 09 09 06 00 06 06 00 00 00 00 00 00 00 0C 0C 0C 0C 0C 00 00 00 00 00 00 00 00 00 00 00 00 00 00 00 00 00 00 00 00 00 53 F7 	; Unknown Roland SysEx
038:04:000	F0 41 10 45 12 10 00 00 62 65 72 73 69 6E 61 72 20 74 65 20 20 20 20 20 01 F7 	; Unknown Roland SysEx
038:04:000	F0 41 10 45 12 10 01 00 1F 1F 1F 1F 1F 1F 1F 1F 1F 1F 1F 1F 1F 1F 1F 1F 1F 1F 1F 1F 1F 19 10 10 10 10 10 19 1F 1F 1F 1F 1F 1F 1F 1F 1F 1F 1F 1F 1F 1F 1F 1F 1F 1F 1F 1F 10 10 10 10 10 10 10 10 10 10 10 10 10 10 10 10 76 F7 	; Unknown Roland SysEx
038:04:240	F0 41 10 45 12 10 00 00 62 65 72 73 69 6E 61 72 20 74 65 72 61 6E 67 20 59 F7 	; Unknown Roland SysEx
038:04:240	F0 41 10 45 12 10 01 00 00 06 03 01 00 00 0F 0F 0F 0F 00 00 01 03 06 00 00 06 06 16 00 06 09 09 09 09 09 06 10 06 06 00 00 06 0C 18 00 00 0F 0F 0F 0F 00 00 18 0C 06 00 00 00 00 00 00 00 00 00 00 00 00 00 00 00 00 00 18 F7 	; Unknown Roland SysEx
040:01:000	F0 41 10 45 12 10 00 00 4B 65 20 20 20 20 20 20 20 20 20 20 20 20 20 20 01 F7 	; Unknown Roland SysEx
040:01:000	F0 41 10 45 12 10 01 00 00 00 02 07 0F 1F 1F 1F 1F 00 06 0F 1F 0F 0F 00 00 00 00 00 11 19 1C 1C 1F 00 03 07 13 03 08 0F 08 1C 1C 1E 1E 1E 14 1C 1F 00 02 17 05 07 02 12 00 00 00 00 00 00 00 00 10 00 00 00 00 00 00 00 1F F7 	; Unknown Roland SysEx
040:01:240	F0 41 10 45 12 10 00 00 4B 65 68 69 20 20 20 20 20 20 20 20 20 20 20 20 6F F7 	; Unknown Roland SysEx
040:01:240	F0 41 10 45 12 10 01 00 00 00 00 00 04 02 01 0F 01 02 04 00 00 00 00 00 00 00 02 05 08 08 08 08 08 08 04 02 01 00 00 00 00 00 04 0A 11 01 01 01 01 01 02 04 08 10 00 00 00 00 00 00 00 00 00 00 00 00 00 00 00 00 00 00 52 F7 	; Unknown Roland SysEx
040:02:000	F0 41 10 45 12 10 00 00 4B 65 68 69 64 75 20 20 20 20 20 20 20 20 20 20 56 F7 	; Unknown Roland SysEx
040:02:240	F0 41 10 45 12 10 00 00 4B 65 68 69 64 75 70 61 6E 20 20 20 20 20 20 20 77 F7 	; Unknown Roland SysEx
040:03:240	F0 41 10 45 12 10 00 00 4B 65 68 69 64 75 70 61 6E 20 64 69 20 20 20 20 6A F7 	; Unknown Roland SysEx
040:03:240	F0 41 10 45 12 10 01 00 1F 02 02 02 02 02 02 02 02 02 02 02 02 02 02 1F 1B 03 02 02 02 02 02 02 02 02 02 02 02 02 02 1A 00 10 10 10 10 18 08 08 0C 04 06 06 02 02 03 01 10 10 10 10 10 10 10 10 10 10 10 10 10 10 10 10 37 F7 	; Unknown Roland SysEx
040:04:000	F0 41 10 45 12 10 00 00 61 20 20 20 20 20 20 20 20 20 20 20 20 20 20 20 2F F7 	; Unknown Roland SysEx
040:04:000	F0 41 10 45 12 10 01 00 02 01 01 00 00 18 08 0C 04 00 18 01 02 04 09 17 06 06 16 10 00 00 06 0F 1F 1F 0F 1F 0F 00 11 1B 04 08 08 10 01 02 06 00 13 10 00 18 04 02 11 1A 00 00 00 10 00 00 00 00 10 00 00 00 00 00 00 10 45 F7 	; Unknown Roland SysEx
040:04:240	F0 41 10 45 12 10 00 00 61 6C 61 6D 20 20 20 20 20 20 20 20 20 20 20 20 55 F7 	; Unknown Roland SysEx
041:01:240	F0 41 10 45 12 10 00 00 61 6C 61 6D 20 73 65 20 20 20 20 20 20 20 20 20 3D F7 	; Unknown Roland SysEx
041:02:000	F0 41 10 45 12 10 00 00 61 6C 61 6D 20 73 65 6D 65 73 20 20 20 20 20 20 58 F7 	; Unknown Roland SysEx
041:02:240	F0 41 10 45 12 10 00 00 61 6C 61 6D 20 73 65 6D 65 73 74 61 20 20 20 20 43 F7 	; Unknown Roland SysEx
041:04:240	F0 41 10 45 12 10 00 00 4D 65 20 20 20 20 20 20 20 20 20 20 20 20 20 20 7E F7 	; Unknown Roland SysEx
041:04:240	F0 41 10 45 12 10 01 00 11 11 15 15 15 15 15 15 15 11 15 11 11 15 1B 11 0F 09 09 09 09 09 09 09 09 09 09 09 09 09 09 0F 08 08 0A 0A 0A 0A 0A 0A 0A 08 0A 08 08 0A 0D 08 10 10 10 10 10 10 10 10 10 10 10 10 10 10 10 10 7E F7 	; Unknown Roland SysEx
042:01:240	F0 41 10 45 12 10 00 00 4D 65 6E 67 61 20 20 20 20 20 20 20 20 20 20 20 28 F7 	; Unknown Roland SysEx
042:02:000	F0 41 10 45 12 10 00 00 4D 65 6E 67 61 67 75 6D 20 20 20 20 20 20 20 20 3F F7 	; Unknown Roland SysEx
042:02:240	F0 41 10 45 12 10 00 00 4D 65 6E 67 61 67 75 6D 6B 61 6E 20 20 20 20 20 65 F7 	; Unknown Roland SysEx
042:03:240	F0 41 10 45 12 10 00 00 4D 65 6E 67 61 67 75 6D 6B 61 6E 20 26 20 20 20 5F F7 	; Unknown Roland SysEx
042:03:240	F0 41 10 45 12 10 01 00 00 00 00 00 00 00 0F 11 11 11 11 11 11 11 11 0F 00 00 00 00 00 00 07 04 04 04 04 04 04 04 04 14 00 00 00 00 00 00 03 14 14 14 14 14 14 14 14 13 10 10 10 10 10 10 10 10 10 10 10 10 10 10 10 10 58 F7 	; Unknown Roland SysEx
042:04:000	F0 41 10 45 12 10 00 00 6C 75 20 20 20 20 20 20 20 20 20 20 20 20 20 20 4F F7 	; Unknown Roland SysEx
042:04:000	F0 41 10 45 12 10 01 00 04 05 0D 15 05 05 05 04 1F 00 0F 00 00 00 00 00 00 1B 0A 0A 0A 0A 1B 00 00 0F 10 06 02 02 07 00 00 10 10 10 10 10 13 04 08 10 00 1F 16 16 1F 00 00 00 00 00 00 00 00 00 00 00 00 10 10 10 10 00 4C F7 	; Unknown Roland SysEx
042:04:240	F0 41 10 45 12 10 00 00 6C 75 61 72 20 20 20 20 20 20 20 20 20 20 20 20 3C F7 	; Unknown Roland SysEx
043:01:240	F0 41 10 45 12 10 00 00 6C 75 61 72 20 62 69 20 20 20 20 20 20 20 20 20 31 F7 	; Unknown Roland SysEx
043:02:000	F0 41 10 45 12 10 00 00 6C 75 61 72 20 62 69 61 20 20 20 20 20 20 20 20 70 F7 	; Unknown Roland SysEx
043:02:240	F0 41 10 45 12 10 00 00 4C 75 61 72 20 62 69 61 73 61 20 20 20 20 20 20 7C F7 	; Unknown Roland SysEx
043:02:240	F0 41 10 45 12 10 20 00 00 50 F7 	; Unknown Roland SysEx
043:04:000	F0 41 10 45 12 10 00 00 53 65 20 20 20 20 20 20 20 20 20 20 20 20 20 20 78 F7 	; Unknown Roland SysEx
043:04:000	F0 41 10 45 12 10 01 00 04 1C 00 00 10 14 14 14 16 12 12 12 00 00 00 00 00 1E 00 08 08 04 05 01 01 11 11 19 09 0D 04 04 00 00 00 00 00 1E 01 11 09 01 01 01 01 01 1E 08 00 00 00 00 00 00 00 00 00 00 00 00 00 00 00 10 31 F7 	; Unknown Roland SysEx
043:04:240	F0 41 10 45 12 10 00 00 53 65 6D 61 20 20 20 20 20 20 20 20 20 20 20 20 6A F7 	; Unknown Roland SysEx
044:01:000	F0 41 10 45 12 10 00 00 53 65 6D 61 6B 69 6E 20 20 20 20 20 20 20 20 20 08 F7 	; Unknown Roland SysEx
044:01:240	F0 41 10 45 12 10 00 00 53 65 6D 61 6B 69 6E 20 6B 75 20 20 20 20 20 20 68 F7 	; Unknown Roland SysEx
044:02:000	F0 41 10 45 12 10 00 00 53 65 6D 61 6B 69 6E 20 6B 75 72 61 20 20 20 20 55 F7 	; Unknown Roland SysEx
044:02:240	F0 41 10 45 12 10 00 00 53 65 6D 61 6B 69 6E 20 6B 75 72 61 73 61 20 20 41 F7 	; Unknown Roland SysEx
044:03:240	F0 41 10 45 12 10 00 00 6B 65 20 20 20 20 20 20 20 20 20 20 20 20 20 20 60 F7 	; Unknown Roland SysEx
044:04:000	F0 41 10 45 12 10 00 00 6B 65 61 20 20 20 20 20 20 20 20 20 20 20 20 20 1F F7 	; Unknown Roland SysEx
044:04:000	F0 41 10 45 12 10 01 00 01 03 02 02 03 02 02 02 02 02 02 02 02 02 02 01 1F 1F 00 10 09 00 00 00 00 00 00 10 09 06 00 1F 18 1C 04 14 0C 04 04 04 04 04 04 14 04 04 04 18 00 00 00 00 00 00 00 00 00 00 00 00 00 00 00 00 12 F7 	; Unknown Roland SysEx
044:04:240	F0 41 10 45 12 10 00 00 6B 65 61 67 75 20 20 20 20 20 20 20 20 20 20 20 03 F7 	; Unknown Roland SysEx
045:01:240	F0 41 10 45 12 10 00 00 6B 65 61 67 75 6E 67 61 6E 20 20 20 20 20 20 20 5F F7 	; Unknown Roland SysEx
045:02:000	F0 41 10 45 12 10 00 00 6B 65 61 67 75 6E 67 61 6E 20 69 20 20 20 20 20 16 F7 	; Unknown Roland SysEx
045:02:240	F0 41 10 45 12 10 00 00 6B 65 61 67 75 6E 67 61 6E 20 69 6E 69 20 20 20 7F F7 	; Unknown Roland SysEx
045:02:240	F0 41 10 45 12 10 01 00 01 03 02 02 03 02 02 02 02 02 02 02 02 02 02 01 1F 1F 00 10 09 00 00 00 00 00 1F 10 09 06 00 1F 18 1C 04 14 0C 04 04 04 04 04 14 14 04 04 04 18 00 00 00 00 00 00 00 00 00 00 00 00 00 00 00 00 63 F7 	; Unknown Roland SysEx
045:04:240	F0 41 10 45 12 10 00 00 4B 61 72 20 20 20 20 20 20 20 20 20 20 20 20 20 32 F7 	; Unknown Roland SysEx
045:04:240	F0 41 10 45 12 10 01 00 03 03 03 03 03 03 1F 1F 1F 03 03 03 03 03 03 03 01 01 01 01 01 01 1D 1D 1D 01 01 01 01 01 01 01 04 04 04 04 04 07 00 00 18 04 04 04 04 04 04 1B 10 10 10 10 10 10 10 10 10 10 10 10 10 10 10 10 21 F7 	; Unknown Roland SysEx
046:01:000	F0 41 10 45 12 10 00 00 4B 61 72 79 61 20 20 20 20 20 20 20 20 20 20 20 18 F7 	; Unknown Roland SysEx
046:01:240	F0 41 10 45 12 10 00 00 4B 61 72 79 61 20 63 69 70 20 20 20 20 20 20 20 3C F7 	; Unknown Roland SysEx
046:02:000	F0 41 10 45 12 10 00 00 4B 61 72 79 61 20 63 69 70 74 61 20 20 20 20 20 27 F7 	; Unknown Roland SysEx
046:02:240	F0 41 10 45 12 10 00 00 4B 61 72 79 61 20 63 69 70 74 61 2D 4D 75 20 20 18 F7 	; Unknown Roland SysEx
046:02:240	F0 41 10 45 12 10 01 00 00 00 00 00 00 00 00 00 00 02 07 0A 02 02 02 00 00 00 00 00 00 00 00 00 00 00 00 10 00 00 00 00 00 00 00 00 00 00 00 00 00 04 0E 15 04 04 04 00 00 00 00 00 00 00 00 00 00 00 00 00 00 00 00 00 13 F7 	; Unknown Roland SysEx
046:03:240	F0 41 10 45 12 10 00 00 54 55 20 20 20 20 20 20 20 20 20 20 20 20 20 20 07 F7 	; Unknown Roland SysEx
046:04:240	F0 41 10 45 12 10 00 00 54 55 48 41 4E 20 20 20 20 20 20 20 20 20 20 20 10 F7 	; Unknown Roland SysEx
046:04:240	F0 41 10 45 12 10 01 00 00 00 00 01 01 01 00 00 00 00 00 00 00 00 00 00 06 06 06 1F 1F 1F 06 06 06 06 06 06 06 06 06 06 00 00 00 18 18 18 00 00 00 00 00 00 00 00 00 00 00 00 00 00 00 00 00 00 00 00 00 00 00 00 00 00 79 F7 	; Unknown Roland SysEx
048:01:000	F0 41 10 45 12 10 00 00 4D 6F 64 64 65 64 20 69 6E 3A 72 F7 	; Unknown Roland SysEx
048:01:000	F0 41 10 45 12 10 01 00 07 0A 1C 10 12 18 0B 0F 07 07 07 0F 1F 00 00 00 10 08 08 04 04 08 1A 11 00 00 0E 10 1F 07 00 00 00 00 02 12 1A 08 01 00 06 09 09 09 1F 1F 07 00 00 00 00 00 00 10 10 00 00 00 00 00 10 10 10 00 1F F7 	; Unknown Roland SysEx
048:02:000	F0 41 10 45 12 10 00 00 53 65 6B 61 69 6A 75 24 F7 	; Unknown Roland SysEx
049:01:000	F0 41 10 45 12 10 01 00 0F 1F 10 1A 1A 14 10 10 10 10 14 13 10 10 10 0F 1C 1E 02 16 16 0A 02 03 03 03 0A 12 02 02 02 1C 00 00 00 00 00 00 00 1F 1F 1F 01 03 07 06 0C 1C 00 00 00 00 00 00 00 00 10 10 10 10 00 00 00 00 32 F7 	; Unknown Roland SysEx
058:01:000	F0 41 10 45 12 10 00 00 7B 21 7D 47 45 54 20 52 45 41 44 59 21 7B 21 7D 28 F7 	; Unknown Roland SysEx
058:01:000	F0 41 10 45 12 10 01 00 00 07 0F 08 08 08 08 08 09 08 08 08 08 07 01 01 00 18 1D 05 1D 1D 05 04 1C 14 0C 04 04 18 00 00 00 00 10 00 0A 0B 0D 00 00 04 04 04 0C 0C 18 18 00 00 00 00 00 10 00 00 00 00 00 00 00 00 00 00 10 F7 	; Unknown Roland SysEx
059:01:000	F0 41 10 45 12 10 00 00 20 20 20 20 20 20 20 20 20 20 20 20 20 20 20 33 5D F7 	; Unknown Roland SysEx
059:01:000	F0 41 10 45 12 10 01 00 00 00 00 1E 0A 0B 0A 0A 00 0D 09 09 01 00 00 00 00 00 00 00 00 10 10 10 00 16 16 04 16 00 00 00 00 00 00 1F 00 00 00 0F 00 00 00 00 1F 00 00 00 00 00 00 10 10 10 10 10 10 10 10 10 10 00 00 00 25 F7 	; Unknown Roland SysEx
059:02:000	F0 41 10 45 12 10 00 00 32 20 20 20 20 20 20 20 20 20 20 20 20 20 20 20 5E F7 	; Unknown Roland SysEx
059:02:000	F0 41 10 45 12 10 01 00 00 00 00 0E 11 01 01 0F 10 10 10 10 1F 00 00 00 00 00 00 00 0E 05 05 05 05 00 00 00 00 00 00 00 00 00 00 00 00 0A 0A 0A 1E 07 04 04 04 04 07 00 00 00 00 00 00 00 00 00 00 10 10 10 10 10 10 00 04 F7 	; Unknown Roland SysEx
059:03:000	F0 41 10 45 12 10 00 00 20 20 20 20 20 20 20 20 31 20 20 20 20 20 20 20 5F F7 	; Unknown Roland SysEx
059:03:000	F0 41 10 45 12 10 01 00 03 00 00 00 1D 15 15 1D 00 00 00 00 00 00 00 03 1E 02 02 02 12 0A 0A 0A 02 02 02 02 02 02 02 1F 00 00 00 00 08 14 18 10 1D 01 02 00 00 00 00 1C 00 00 00 00 00 00 00 00 00 00 00 00 00 00 00 00 04 F7 	; Unknown Roland SysEx
059:04:000	F0 41 10 45 12 10 00 00 3C 21 3E 20 21 21 21 47 4F 21 21 21 20 3C 21 3E 1E F7 	; Unknown Roland SysEx
059:04:000	F0 41 10 45 12 10 01 00 0F 10 10 10 10 10 10 10 11 10 10 10 10 10 10 0F 18 05 01 01 01 01 01 01 1D 05 05 05 05 05 05 18 1F 00 04 04 04 04 04 04 04 04 04 00 04 04 00 1F 00 10 10 10 10 10 10 10 10 10 10 10 10 10 10 00 30 F7 	; Unknown Roland SysEx
059:04:096	F0 41 10 45 12 10 01 00 10 0F 0F 0F 0F 0F 0F 0F 0E 0F 0F 0F 0F 0F 0F 10 07 1A 1E 1E 1E 1E 1E 1E 02 1A 1A 1A 1A 1A 1A 07 00 1F 1B 1B 1B 1B 1B 1B 1B 1B 1B 1F 1B 1B 1F 00 10 00 00 00 00 00 00 00 00 00 00 00 00 00 00 10 5E F7 	; Unknown Roland SysEx
059:04:192	F0 41 10 45 12 10 01 00 0F 10 10 10 10 10 10 10 11 10 10 10 10 10 10 0F 18 05 01 01 01 01 01 01 1D 05 05 05 05 05 05 18 1F 00 04 04 04 04 04 04 04 04 04 00 04 04 00 1F 00 10 10 10 10 10 10 10 10 10 10 10 10 10 10 00 30 F7 	; Unknown Roland SysEx
059:04:288	F0 41 10 45 12 10 01 00 10 0F 0F 0F 0F 0F 0F 0F 0E 0F 0F 0F 0F 0F 0F 10 07 1A 1E 1E 1E 1E 1E 1E 02 1A 1A 1A 1A 1A 1A 07 00 1F 1B 1B 1B 1B 1B 1B 1B 1B 1B 1F 1B 1B 1F 00 10 00 00 00 00 00 00 00 00 00 00 00 00 00 00 10 5E F7 	; Unknown Roland SysEx
059:04:384	F0 41 10 45 12 10 01 00 0F 10 10 10 10 10 10 10 11 10 10 10 10 10 10 0F 18 05 01 01 01 01 01 01 1D 05 05 05 05 05 05 18 1F 00 04 04 04 04 04 04 04 04 04 00 04 04 00 1F 00 10 10 10 10 10 10 10 10 10 10 10 10 10 10 00 30 F7 	; Unknown Roland SysEx
060:01:000	F0 41 10 45 12 10 20 00 00 50 F7 	; Unknown Roland SysEx
060:01:000	F0 41 10 45 12 10 00 00 4B 61 44 F7 	; Unknown Roland SysEx
060:01:240	F0 41 10 45 12 10 00 00 4B 61 6C 61 77 F7 	; Unknown Roland SysEx
060:02:000	F0 41 10 45 12 10 00 00 4B 61 6C 61 20 6D 61 09 F7 	; Unknown Roland SysEx
060:02:240	F0 41 10 45 12 10 00 00 4B 61 6C 61 20 6D 61 6C 61 6D 4F F7 	; Unknown Roland SysEx
060:02:240	F0 41 10 45 12 10 01 00 1E 1C 1C 1C 1C 1C 1C 1C 1C 1C 1C 1C 1C 1C 1C 1E 00 00 00 00 00 00 00 00 00 00 00 00 00 00 00 00 07 03 03 03 03 03 03 03 03 03 03 03 03 03 03 07 10 10 10 10 10 10 10 10 10 10 10 10 10 10 10 10 73 F7 	; Unknown Roland SysEx
060:04:240	F0 41 10 45 12 10 00 00 74 69 13 F7 	; Unknown Roland SysEx
060:04:280	F0 41 10 45 12 10 00 00 74 69 61 32 F7 	; Unknown Roland SysEx
061:01:000	F0 41 10 45 12 10 00 00 74 69 61 64 61 6D F7 	; Unknown Roland SysEx
061:01:240	F0 41 10 45 12 10 00 00 74 69 61 64 61 20 62 65 72 14 F7 	; Unknown Roland SysEx
061:01:240	F0 41 10 45 12 10 01 00 1F 1F 1F 1F 1F 1F 1F 1F 1F 1F 1F 1F 1F 1F 1F 1F 1F 1F 1F 1F 1E 1D 08 1D 1E 1F 1F 1F 1F 1F 1F 1F 1F 1F 1F 0F 1F 1F 00 1F 1F 0F 1F 1F 1F 1F 1F 1F 10 10 10 10 10 10 10 10 10 10 10 10 10 10 10 10 7B F7 	; Unknown Roland SysEx
061:02:000	F0 41 10 45 12 10 00 00 74 69 61 64 61 20 62 65 72 62 69 6E 5B F7 	; Unknown Roland SysEx
061:02:240	F0 41 10 45 12 10 00 00 74 69 61 64 61 20 62 65 72 62 69 6E 74 61 6E 67 31 F7 	; Unknown Roland SysEx
062:01:000	F0 41 10 45 12 10 00 00 54 61 6D 4E F7 	; Unknown Roland SysEx
062:01:240	F0 41 10 45 12 10 00 00 54 61 6D 70 61 6B 12 F7 	; Unknown Roland SysEx
062:02:000	F0 41 10 45 12 10 00 00 54 61 6D 70 61 6B 20 72 65 1B F7 	; Unknown Roland SysEx
062:02:240	F0 41 10 45 12 10 00 00 54 61 6D 70 61 6B 20 72 65 64 75 70 52 F7 	; Unknown Roland SysEx
062:02:240	F0 41 10 45 12 10 01 00 1F 1F 1F 1F 1F 1F 1F 1F 1F 1F 1F 1F 1F 00 00 00 1F 1F 1F 1F 1F 1F 1F 1F 1F 1F 1F 1F 1F 00 00 00 1F 1F 1F 1F 1F 1F 1F 1F 1F 1F 1F 1F 1F 00 00 00 10 10 10 10 10 10 10 10 10 10 10 10 10 00 00 00 66 F7 	; Unknown Roland SysEx
062:04:240	F0 41 10 45 12 10 00 00 77 61 18 F7 	; Unknown Roland SysEx
063:01:000	F0 41 10 45 12 10 00 00 77 61 6A 61 68 65 F7 	; Unknown Roland SysEx
063:01:240	F0 41 10 45 12 10 00 00 77 61 6A 61 68 20 72 65 6D 01 F7 	; Unknown Roland SysEx
063:02:000	F0 41 10 45 12 10 00 00 77 61 6A 61 68 20 72 65 6D 62 75 2A F7 	; Unknown Roland SysEx
063:02:000	F0 41 10 45 12 10 01 00 1E 1D 1D 1D 1D 1D 1D 1D 1D 1D 1D 1D 1D 1D 1D 1E 03 1C 1C 1C 1C 1C 1C 1C 1C 1C 1C 1C 1C 1C 1C 03 18 04 04 04 04 04 04 04 04 04 04 04 04 04 04 18 00 00 00 00 00 00 00 00 00 00 00 00 00 00 00 00 27 F7 	; Unknown Roland SysEx
063:02:240	F0 41 10 45 12 10 00 00 77 61 6A 61 68 20 72 65 6D 62 75 6C 61 6E 6F F7 	; Unknown Roland SysEx
064:01:000	F0 41 10 45 12 10 00 00 48 65 43 F7 	; Unknown Roland SysEx
064:01:000	F0 41 10 45 12 10 01 00 00 00 00 00 00 00 00 00 00 00 00 00 00 00 00 00 00 00 00 00 00 00 00 06 06 00 00 00 00 00 00 00 00 00 00 00 00 00 00 00 00 00 00 00 00 00 00 00 00 00 00 00 00 00 00 00 00 00 00 00 00 00 00 00 63 F7 	; Unknown Roland SysEx
064:01:240	F0 41 10 45 12 10 00 00 48 65 6E 69 6E 67 17 F7 	; Unknown Roland SysEx
064:02:000	F0 41 10 45 12 10 00 00 48 65 6E 69 6E 67 20 73 75 0F F7 	; Unknown Roland SysEx
064:02:000	F0 41 10 45 12 10 01 00 00 00 00 00 00 00 00 00 00 00 00 00 00 00 00 00 00 00 00 00 00 00 00 06 06 00 00 00 00 00 00 00 00 00 00 00 00 00 00 00 00 00 00 00 00 00 00 00 00 00 00 00 00 00 00 00 00 00 00 00 00 00 00 00 63 F7 	; Unknown Roland SysEx
064:02:240	F0 41 10 45 12 10 00 00 48 65 6E 69 6E 67 20 73 75 6E 79 69 3F F7 	; Unknown Roland SysEx
064:03:240	F0 41 10 45 12 10 00 00 73 61 1C F7 	; Unknown Roland SysEx
064:04:000	F0 41 10 45 12 10 00 00 73 61 6E 67 61 74 72 F7 	; Unknown Roland SysEx
064:04:240	F0 41 10 45 12 10 00 00 73 61 6E 67 61 74 20 6D 65 6E 12 F7 	; Unknown Roland SysEx
064:04:240	F0 41 10 45 12 10 01 00 00 00 00 00 00 00 00 00 00 00 00 00 00 00 00 00 00 00 00 00 00 00 00 06 06 00 00 00 00 00 00 00 00 00 00 00 00 00 00 00 00 00 00 00 00 00 00 00 00 00 00 00 00 00 00 00 00 00 00 00 00 00 00 00 63 F7 	; Unknown Roland SysEx
065:02:000	F0 41 10 45 12 10 00 00 73 61 6E 67 61 74 20 6D 65 6E 63 65 4A F7 	; Unknown Roland SysEx
065:02:240	F0 41 10 45 12 10 00 00 73 61 6E 67 61 74 20 6D 65 6E 63 65 6B 61 6D 2C 65 F7 	; Unknown Roland SysEx
065:02:240	F0 41 10 45 12 10 01 00 1F 17 1F 1A 0A 1B 1D 1B 1B 1B 1B 0B 00 16 1E 1F 1F 0F 01 1F 1E 1F 1F 19 19 1F 1F 1F 07 17 1F 11 1F 13 1B 1F 1F 1F 17 1A 1B 19 1F 1D 1C 1D 05 1E 10 10 10 10 10 10 10 10 10 00 00 00 10 10 10 10 76 F7 	; Unknown Roland SysEx
065:04:000	F0 41 10 45 12 10 00 00 44 65 47 F7 	; Unknown Roland SysEx
065:04:000	F0 41 10 45 12 10 01 00 00 00 0C 0E 1B 01 00 00 00 00 07 0C 08 01 03 00 00 00 00 06 1B 10 00 00 00 01 16 1C 00 13 16 08 00 00 08 1D 17 00 00 00 10 18 0F 00 00 13 1E 00 00 00 00 00 00 00 00 00 00 00 00 00 00 00 00 00 61 F7 	; Unknown Roland SysEx
065:04:240	F0 41 10 45 12 10 00 00 44 65 73 69 72 79 F7 	; Unknown Roland SysEx
065:04:360	F0 41 10 45 12 10 00 00 44 65 73 69 72 20 61 78 F7 	; Unknown Roland SysEx
066:01:240	F0 41 10 45 12 10 00 00 44 65 73 69 72 20 61 6E 67 69 6E 4C F7 	; Unknown Roland SysEx
066:01:240	F0 41 10 45 12 10 01 00 00 00 0C 0E 1B 01 00 00 00 00 07 0C 08 01 03 00 00 00 00 06 1B 10 00 00 00 01 16 1C 00 13 16 08 00 00 08 1D 17 00 00 00 10 18 0F 00 00 13 1E 00 00 00 00 00 00 00 00 00 00 00 00 00 00 00 00 00 61 F7 	; Unknown Roland SysEx
066:02:000	F0 41 10 45 12 10 00 00 28 2D 3E 29 20 70 75 6E 20 28 3C 2D 29 67 F7 	; Unknown Roland SysEx
066:02:240	F0 41 10 45 12 10 00 00 74 61 6E 2D F7 	; Unknown Roland SysEx
066:03:000	F0 41 10 45 12 10 00 00 74 61 6E 70 61 5C F7 	; Unknown Roland SysEx
066:03:000	F0 41 10 45 12 10 01 00 00 10 02 00 06 00 00 00 10 02 00 04 00 00 04 01 00 00 04 00 00 12 00 04 00 02 00 08 01 00 10 00 02 00 00 01 08 00 00 04 10 00 02 08 00 04 01 00 00 00 00 00 00 00 00 00 00 00 00 00 00 00 00 00 59 F7 	; Unknown Roland SysEx
066:04:000	F0 41 10 45 12 10 00 00 74 61 6E 70 61 20 73 75 54 F7 	; Unknown Roland SysEx
066:04:000	F0 41 10 45 12 10 01 00 00 00 00 00 00 00 00 00 00 00 00 00 00 00 00 00 00 00 00 00 00 10 00 00 00 00 00 00 00 00 00 00 00 00 00 00 00 00 00 00 00 00 00 00 00 00 00 00 00 00 00 00 00 00 00 00 00 00 00 00 00 00 00 00 5F F7 	; Unknown Roland SysEx
066:04:000	F0 41 10 45 12 10 00 00 74 61 6E 70 61 20 73 75 61 73 F7 	; Unknown Roland SysEx
066:04:000	F0 41 10 45 12 10 01 00 00 00 00 00 00 00 00 00 00 00 00 00 00 00 00 00 00 00 00 00 00 1C 00 00 00 00 00 00 00 00 00 00 00 00 00 00 00 00 00 00 00 00 00 00 00 00 00 00 00 00 00 00 00 00 00 00 00 00 00 00 00 00 00 00 53 F7 	; Unknown Roland SysEx
066:04:240	F0 41 10 45 12 10 00 00 74 61 6E 70 61 20 73 75 61 72 61 20 F7 	; Unknown Roland SysEx
066:04:240	F0 41 10 45 12 10 01 00 00 00 00 00 00 01 00 00 00 00 00 00 00 00 00 00 00 00 00 00 00 00 00 00 00 00 00 00 00 00 00 00 00 00 00 00 00 00 00 00 00 00 00 00 00 00 00 00 00 00 00 00 00 00 00 00 00 00 00 00 00 00 00 00 6E F7 	; Unknown Roland SysEx
068:01:000	F0 41 10 45 12 10 00 00 4B 75 30 F7 	; Unknown Roland SysEx
068:01:240	F0 41 10 45 12 10 00 00 4B 75 74 65 72 65 F7 	; Unknown Roland SysEx
068:02:000	F0 41 10 45 12 10 00 00 4B 75 74 65 72 6D 65 13 F7 	; Unknown Roland SysEx
068:02:240	F0 41 10 45 12 10 00 00 4B 75 74 65 72 6D 65 6E 75 6E 67 5B F7 	; Unknown Roland SysEx
068:02:240	F0 41 10 45 12 10 01 00 00 00 00 00 01 01 01 01 01 01 00 00 1F 00 03 02 00 00 00 10 09 09 09 09 19 19 10 10 1F 10 10 10 00 00 00 10 08 08 08 08 18 18 10 10 1F 10 14 14 00 00 00 00 00 00 00 00 00 00 00 00 10 00 00 00 09 F7 	; Unknown Roland SysEx
068:04:240	F0 41 10 45 12 10 00 00 6D 65 1E F7 	; Unknown Roland SysEx
069:01:000	F0 41 10 45 12 10 00 00 6D 65 6E 61 4F F7 	; Unknown Roland SysEx
069:01:240	F0 41 10 45 12 10 00 00 6D 65 6E 61 74 61 70 0A F7 	; Unknown Roland SysEx
069:01:240	F0 41 10 45 12 10 01 00 1F 1F 1F 1F 1C 1C 18 18 10 10 10 10 00 1F 1F 00 1B 11 11 1B 1F 1F 1F 1F 1F 1F 1F 11 11 11 1B 00 1F 1F 1F 1C 10 10 10 10 10 10 1C 1C 00 1F 1F 00 10 10 10 10 00 00 00 00 00 00 10 10 00 10 10 00 3F F7 	; Unknown Roland SysEx
069:02:000	F0 41 10 45 12 10 00 00 6D 65 6E 61 74 61 70 20 61 09 F7 	; Unknown Roland SysEx
069:02:240	F0 41 10 45 12 10 00 00 6D 65 6E 61 74 61 70 20 61 6C 61 6D 4F F7 	; Unknown Roland SysEx
070:01:000	F0 41 10 45 12 10 00 00 4B 65 40 F7 	; Unknown Roland SysEx
070:01:000	F0 41 10 45 12 10 01 00 00 00 00 00 00 00 00 00 00 00 1F 00 00 1F 00 00 04 04 0C 0C 0C 0C 0C 0C 0C 0C 1C 0C 0C 1C 00 00 00 00 00 00 00 00 00 00 00 00 00 00 00 00 00 00 00 00 00 00 00 00 00 00 00 00 00 00 00 00 00 00 79 F7 	; Unknown Roland SysEx
070:01:240	F0 41 10 45 12 10 00 00 4B 65 70 61 6F F7 	; Unknown Roland SysEx
070:01:240	F0 41 10 45 12 10 01 00 00 00 00 00 00 00 00 00 00 00 1F 00 00 1F 00 00 04 04 0C 0C 0C 0C 0C 0C 0C 0C 1C 0C 0C 1C 00 00 00 00 00 00 00 00 00 00 00 00 00 00 00 00 00 00 00 00 00 00 00 00 00 00 00 00 00 00 00 00 00 00 79 F7 	; Unknown Roland SysEx
070:02:000	F0 41 10 45 12 10 00 00 4B 65 70 61 73 72 0A F7 	; Unknown Roland SysEx
070:02:020	F0 41 10 45 12 10 00 00 4B 65 70 61 73 72 61 68 41 F7 	; Unknown Roland SysEx
070:02:020	F0 41 10 45 12 10 01 00 00 00 00 00 00 00 00 00 00 00 1F 00 00 1F 00 00 04 04 0C 0C 0C 0C 0C 0C 0C 0C 1C 0C 0C 1C 00 00 00 00 00 00 00 00 00 00 00 00 00 00 00 00 00 00 00 00 00 00 00 00 00 00 00 00 00 00 00 00 00 00 79 F7 	; Unknown Roland SysEx
070:02:240	F0 41 10 45 12 10 00 00 4B 65 70 61 73 72 61 68 61 6E 72 F7 	; Unknown Roland SysEx
070:02:240	F0 41 10 45 12 10 01 00 00 00 00 00 00 00 00 00 00 00 1F 00 00 1F 00 00 04 04 0C 0C 0C 0C 0C 0C 0C 0C 1C 0C 0C 1C 00 00 00 00 00 00 00 00 00 00 00 00 00 00 00 00 00 00 00 00 00 00 00 00 00 00 00 00 00 00 00 00 00 00 79 F7 	; Unknown Roland SysEx
070:04:240	F0 41 10 45 12 10 00 00 73 65 18 F7 	; Unknown Roland SysEx
071:01:000	F0 41 10 45 12 10 00 00 73 65 6D 61 4A F7 	; Unknown Roland SysEx
071:01:240	F0 41 10 45 12 10 00 00 73 65 6D 61 6B 69 6E 08 F7 	; Unknown Roland SysEx
071:01:240	F0 41 10 45 12 10 01 00 00 00 00 00 00 00 00 00 00 00 1F 00 00 1F 00 00 04 04 0C 0D 0D 0D 0D 0D 0C 0C 1C 0C 0C 1C 00 00 00 00 00 07 06 16 0E 07 00 00 00 00 00 00 00 00 00 00 00 10 10 10 10 10 00 00 00 00 00 00 00 00 6C F7 	; Unknown Roland SysEx
071:02:000	F0 41 10 45 12 10 00 00 73 65 6D 61 6B 69 6E 20 64 61 23 F7 	; Unknown Roland SysEx
071:02:240	F0 41 10 45 12 10 00 00 73 65 6D 61 6B 69 6E 20 64 61 6C 61 6D 69 F7 	; Unknown Roland SysEx
071:02:240	F0 41 10 45 12 10 01 00 00 00 00 00 00 00 00 00 00 00 1F 00 00 1F 00 00 04 04 0D 0D 0D 0C 0D 0C 0C 0C 1D 0C 0C 1C 00 01 00 00 1F 05 15 15 15 00 00 00 01 12 0C 0C 12 01 00 00 10 10 10 00 00 00 00 00 00 00 00 00 00 00 22 F7 	; Unknown Roland SysEx
072:01:000	F0 41 10 45 12 10 00 00 4A 61 45 F7 	; Unknown Roland SysEx
072:01:000	F0 41 10 45 12 10 01 00 1F 18 13 17 09 0D 0F 0D 0D 1F 0C 16 19 1E 11 1F 1F 1F 07 1F 1F 1F 1F 10 06 10 1F 0F 17 0F 13 1F 0F 1F 03 19 1D 1F 1D 1C 0E 1E 1C 1A 1B 02 01 1F 10 10 10 00 00 00 10 10 10 10 10 10 10 10 10 10 0C F7 	; Unknown Roland SysEx
072:01:240	F0 41 10 45 12 10 00 00 4A 61 67 61 64 19 F7 	; Unknown Roland SysEx
072:02:000	F0 41 10 45 12 10 00 00 4A 61 67 61 64 20 72 61 26 F7 	; Unknown Roland SysEx
072:02:240	F0 41 10 45 12 10 00 00 4A 61 67 61 64 20 72 61 79 61 4C F7 	; Unknown Roland SysEx
072:02:240	F0 41 10 45 12 10 01 00 1F 18 13 17 09 0D 0F 0D 0D 1F 0C 16 19 1E 11 1F 1F 1F 07 1F 1F 1F 1F 10 06 10 1F 0F 17 0F 13 1F 0F 1F 03 19 1D 1F 1D 1C 0E 1E 1C 1A 1B 02 01 1F 10 10 10 00 00 00 10 10 10 10 10 10 10 10 10 10 0C F7 	; Unknown Roland SysEx
072:03:240	F0 41 10 45 12 10 00 00 28 26 29 20 64 61 6E 20 28 26 29 0F F7 	; Unknown Roland SysEx
072:03:240	F0 41 10 45 12 10 01 00 00 00 00 01 01 01 00 00 00 00 01 01 01 00 00 00 00 0C 12 01 01 01 12 0C 0C 12 01 01 01 12 0C 00 00 00 00 00 00 00 00 00 00 04 08 10 10 08 04 00 00 00 00 00 00 00 00 00 00 00 00 00 00 00 00 00 33 F7 	; Unknown Roland SysEx
072:04:000	F0 41 10 45 12 10 00 00 64 61 6E 20 73 65 45 F7 	; Unknown Roland SysEx
072:04:000	F0 41 10 45 12 10 01 00 1F 1F 1F 1B 1F 1F 1F 1F 1F 1F 12 13 1F 1F 1F 1F 1F 1F 1D 1F 0F 1F 1B 11 00 11 1B 1F 1F 17 1F 1F 1F 1F 1F 1F 1F 17 1F 1D 1F 1F 1B 1F 1F 0F 1F 1F 10 10 00 10 10 10 10 10 10 10 10 10 10 10 10 10 47 F7 	; Unknown Roland SysEx
072:04:240	F0 41 10 45 12 10 00 00 64 61 6E 20 73 65 69 5C F7 	; Unknown Roland SysEx
073:01:240	F0 41 10 45 12 10 00 00 64 61 6E 20 73 65 69 73 69 01 F7 	; Unknown Roland SysEx
073:02:240	F0 41 10 45 12 10 00 00 64 61 6E 20 73 65 69 73 69 6E 79 61 38 F7 	; Unknown Roland SysEx
073:04:000	F0 41 10 45 12 10 00 00 4C 75 2F F7 	; Unknown Roland SysEx
073:04:000	F0 41 10 45 12 10 01 00 00 00 00 00 00 00 00 00 00 0F 18 10 00 00 00 00 00 00 00 00 00 00 00 00 00 00 10 11 13 17 1C 00 03 03 03 07 0F 0B 09 09 09 11 12 12 1C 1C 00 00 10 10 10 10 00 00 00 00 00 00 00 00 00 00 00 00 5F F7 	; Unknown Roland SysEx
073:04:240	F0 41 10 45 12 10 00 00 4C 75 6B 69 5B F7 	; Unknown Roland SysEx
073:04:360	F0 41 10 45 12 10 00 00 4C 75 6B 69 73 61 6E 19 F7 	; Unknown Roland SysEx
074:01:240	F0 41 10 45 12 10 00 00 4C 75 6B 69 73 61 6E 20 73 65 21 F7 	; Unknown Roland SysEx
074:01:240	F0 41 10 45 12 10 01 00 00 00 00 00 00 00 00 01 01 01 03 06 0C 08 19 11 00 00 00 00 00 00 0C 1F 1E 18 0C 0B 10 10 10 00 00 00 00 02 06 0E 1A 02 03 03 03 1A 06 00 00 00 00 00 00 00 00 00 00 00 10 10 10 00 00 00 00 00 72 F7 	; Unknown Roland SysEx
074:02:000	F0 41 10 45 12 10 00 00 4C 75 6B 69 73 61 6E 20 73 65 67 61 59 F7 	; Unknown Roland SysEx
074:02:240	F0 41 10 45 12 10 00 00 4C 75 6B 69 73 61 6E 20 73 65 67 61 6C 61 0C F7 	; Unknown Roland SysEx
074:03:000	F0 41 10 45 12 10 00 00 6B 75 10 F7 	; Unknown Roland SysEx
074:04:000	F0 41 10 45 12 10 00 00 6B 75 61 2F F7 	; Unknown Roland SysEx
074:04:240	F0 41 10 45 12 10 00 00 6B 75 61 73 61 5B F7 	; Unknown Roland SysEx
076:01:000	F0 41 10 45 12 10 00 00 4B 65 40 F7 	; Unknown Roland SysEx
076:01:000	F0 41 10 45 12 10 01 00 00 02 02 01 01 19 08 04 06 02 00 00 07 0C 18 00 06 06 06 06 06 06 16 10 11 11 11 00 1F 00 00 00 00 02 02 06 0C 18 18 13 06 04 00 00 1E 03 01 00 00 00 00 00 00 00 00 10 00 00 00 00 00 00 10 00 50 F7 	; Unknown Roland SysEx
076:01:240	F0 41 10 45 12 10 00 00 4B 65 68 69 6F F7 	; Unknown Roland SysEx
076:02:000	F0 41 10 45 12 10 00 00 4B 65 68 69 64 75 16 F7 	; Unknown Roland SysEx
076:02:240	F0 41 10 45 12 10 00 00 4B 65 68 69 64 75 70 61 6E 57 F7 	; Unknown Roland SysEx
076:03:240	F0 41 10 45 12 10 00 00 28 56 29 20 64 69 20 28 56 29 15 F7 	; Unknown Roland SysEx
076:04:000	F0 41 10 45 12 10 00 00 61 0F F7 	; Unknown Roland SysEx
076:04:000	F0 41 10 45 12 10 01 00 1F 1F 1F 1E 1D 1B 16 0D 0D 17 1B 1D 1E 1F 1F 1F 19 16 0B 1E 0E 1F 19 10 10 19 07 17 1D 0F 16 19 1F 1F 0F 17 1B 1D 16 1F 1F 1A 1D 03 17 0F 1F 1F 10 10 10 10 10 10 10 00 00 10 10 10 10 10 10 10 04 F7 	; Unknown Roland SysEx
076:04:240	F0 41 10 45 12 10 00 00 61 6C 61 6D 55 F7 	; Unknown Roland SysEx
077:01:240	F0 41 10 45 12 10 00 00 61 6C 61 6D 20 73 65 5D F7 	; Unknown Roland SysEx
077:02:000	F0 41 10 45 12 10 00 00 61 6C 61 6D 20 73 65 6D 65 73 18 F7 	; Unknown Roland SysEx
077:02:240	F0 41 10 45 12 10 00 00 61 6C 61 6D 20 73 65 6D 65 73 74 61 43 F7 	; Unknown Roland SysEx
077:04:240	F0 41 10 45 12 10 00 00 4D 65 3E F7 	; Unknown Roland SysEx
077:04:240	F0 41 10 45 12 10 01 00 00 00 00 00 00 00 00 00 00 00 00 06 03 01 01 00 00 00 00 00 00 00 00 00 01 01 01 03 06 16 1C 1C 02 06 0E 0C 0C 18 18 18 10 10 00 00 00 00 00 00 00 00 00 00 00 00 00 00 00 00 00 00 00 00 00 00 74 F7 	; Unknown Roland SysEx
078:01:240	F0 41 10 45 12 10 00 00 4D 65 6E 67 61 08 F7 	; Unknown Roland SysEx
078:02:000	F0 41 10 45 12 10 00 00 4D 65 6E 67 61 67 75 6D 3F F7 	; Unknown Roland SysEx
078:02:240	F0 41 10 45 12 10 00 00 4D 65 6E 67 61 67 75 6D 6B 61 6E 05 F7 	; Unknown Roland SysEx
078:03:240	F0 41 10 45 12 10 00 00 26 26 26 26 26 26 26 26 26 26 26 26 26 26 26 26 10 F7 	; Unknown Roland SysEx
078:03:240	F0 41 10 45 12 10 01 00 1F 1E 1D 1D 1D 1D 1E 1F 10 0F 0F 0F 0F 0F 0F 10 00 1F 1F 1F 1F 1F 1F 00 01 1C 1E 1F 1F 1F 1F 00 0F 17 17 17 17 17 17 0F 1F 1F 0F 07 13 19 1C 00 10 10 10 10 10 10 10 10 10 10 10 10 10 10 10 00 62 F7 	; Unknown Roland SysEx
078:04:000	F0 41 10 45 12 10 00 00 64 61 6E 20 6C 75 3C F7 	; Unknown Roland SysEx
078:04:000	F0 41 10 45 12 10 01 00 10 08 04 02 11 08 08 08 08 08 08 11 02 04 08 10 00 01 02 04 09 12 12 12 12 12 12 09 04 02 01 00 10 06 09 10 00 00 00 00 00 00 00 00 10 09 06 10 00 00 00 10 00 00 00 00 00 00 00 00 10 00 00 00 57 F7 	; Unknown Roland SysEx
078:04:240	F0 41 10 45 12 10 00 00 64 61 6E 20 6C 75 61 72 69 F7 	; Unknown Roland SysEx
079:01:240	F0 41 10 45 12 10 00 00 64 61 6E 20 6C 75 61 72 20 62 69 7E F7 	; Unknown Roland SysEx
079:01:240	F0 41 10 45 12 10 01 00 04 09 12 04 08 10 10 10 10 10 10 08 04 12 09 04 02 11 08 04 02 01 01 01 01 01 01 02 04 08 11 02 00 00 10 08 05 02 02 02 02 02 02 05 08 10 00 00 00 00 00 10 00 00 00 00 00 00 00 00 10 00 00 00 0B F7 	; Unknown Roland SysEx
079:02:000	F0 41 10 45 12 10 00 00 64 61 6E 20 6C 75 61 72 20 62 69 61 1D F7 	; Unknown Roland SysEx
079:02:240	F0 41 10 45 12 10 00 00 64 61 6E 20 6C 75 61 72 20 62 69 61 73 61 49 F7 	; Unknown Roland SysEx
079:04:000	F0 41 10 45 12 10 00 00 53 65 38 F7 	; Unknown Roland SysEx
079:04:000	F0 41 10 45 12 10 20 00 00 50 F7 	; Unknown Roland SysEx
079:04:240	F0 41 10 45 12 10 00 00 53 65 6D 61 6A F7 	; Unknown Roland SysEx
080:01:000	F0 41 10 45 12 10 00 00 53 65 6D 61 6B 69 6E 28 F7 	; Unknown Roland SysEx
080:01:240	F0 41 10 45 12 10 00 00 53 65 6D 61 6B 69 6E 20 6B 75 28 F7 	; Unknown Roland SysEx
080:02:000	F0 41 10 45 12 10 00 00 53 65 6D 61 6B 69 6E 20 6B 75 72 61 55 F7 	; Unknown Roland SysEx
080:02:240	F0 41 10 45 12 10 00 00 53 65 6D 61 6B 69 6E 20 6B 75 72 61 73 61 01 F7 	; Unknown Roland SysEx
080:03:240	F0 41 10 45 12 10 00 00 6B 65 20 F7 	; Unknown Roland SysEx
080:04:000	F0 41 10 45 12 10 00 00 6B 65 61 3F F7 	; Unknown Roland SysEx
080:04:240	F0 41 10 45 12 10 00 00 6B 65 61 67 75 6E 67 0E F7 	; Unknown Roland SysEx
081:01:240	F0 41 10 45 12 10 00 00 6B 65 61 67 75 6E 67 61 6E 3F F7 	; Unknown Roland SysEx
081:02:240	F0 41 10 45 12 10 00 00 6B 65 61 67 75 6E 67 61 6E 20 69 36 F7 	; Unknown Roland SysEx
081:03:000	F0 41 10 45 12 10 00 00 6B 65 61 67 75 6E 67 61 6E 20 69 6E 69 5F F7 	; Unknown Roland SysEx
081:03:000	F0 41 10 45 12 10 01 00 00 00 00 00 00 00 00 08 08 04 04 02 02 02 01 01 00 00 00 00 00 00 00 00 00 00 00 06 09 09 09 06 00 00 00 00 00 00 00 00 01 01 02 02 02 04 04 04 00 00 00 00 00 00 00 10 10 00 00 00 00 00 00 00 74 F7 	; Unknown Roland SysEx
081:04:240	F0 41 10 45 12 10 00 00 4B 61 72 52 F7 	; Unknown Roland SysEx
081:04:240	F0 41 10 45 12 10 01 00 00 00 00 00 00 01 01 01 07 01 01 01 00 00 00 00 02 02 02 02 02 02 02 02 1A 02 03 02 02 02 02 03 00 00 04 04 04 04 04 04 07 00 18 08 08 08 0C 1B 00 00 10 10 10 10 10 10 10 10 10 10 10 10 10 10 52 F7 	; Unknown Roland SysEx
082:01:000	F0 41 10 45 12 10 00 00 4B 61 72 79 61 78 F7 	; Unknown Roland SysEx
082:01:240	F0 41 10 45 12 10 00 00 4B 61 72 79 61 20 63 69 70 1C F7 	; Unknown Roland SysEx
082:02:000	F0 41 10 45 12 10 00 00 4B 61 72 79 61 20 63 69 70 74 61 47 F7 	; Unknown Roland SysEx
082:02:240	F0 41 10 45 12 10 00 00 4B 61 72 79 61 20 63 69 70 74 61 4D 75 05 F7 	; Unknown Roland SysEx
082:03:240	F0 41 10 45 12 10 00 00 54 55 47 F7 	; Unknown Roland SysEx
082:04:240	F0 41 10 45 12 10 00 00 54 55 48 41 4E 70 F7 	; Unknown Roland SysEx
082:04:240	F0 41 10 45 12 10 01 00 00 00 00 01 01 01 00 00 00 00 00 00 00 00 00 00 06 06 06 1F 1F 1F 06 06 06 06 06 06 06 06 06 06 00 00 00 18 18 18 00 00 00 00 00 00 00 00 00 00 00 00 00 00 00 00 00 00 00 00 00 00 00 00 00 00 79 F7 	; Unknown Roland SysEx
083:04:000	F0 41 10 45 12 10 00 00 44 61 6E 20 20 20 20 20 20 20 20 20 20 20 20 20 3D F7 	; Unknown Roland SysEx
083:04:000	F0 41 10 45 12 10 01 00 0E 11 11 11 11 11 11 11 11 1F 11 11 11 11 11 11 08 0C 0C 0C 0C 0C 0A 0A 0A 0A 09 09 09 09 09 08 17 14 14 14 14 14 14 14 14 14 14 14 14 14 14 17 00 10 10 10 10 10 10 10 10 10 10 10 10 10 10 00 0D F7 	; Unknown Roland SysEx
083:04:240	F0 41 10 45 12 10 00 00 44 61 6E 20 53 65 20 20 20 20 20 20 20 20 20 20 45 F7 	; Unknown Roland SysEx
083:04:240	F0 41 10 45 12 10 01 00 0F 10 10 10 10 10 10 10 10 10 1F 10 10 10 10 10 04 14 14 14 14 14 14 14 14 14 14 14 14 14 14 17 04 04 04 04 04 04 04 04 04 04 04 04 04 04 04 17 00 00 00 00 00 00 00 00 00 00 00 00 00 00 00 10 4B F7 	; Unknown Roland SysEx
084:01:000	F0 41 10 45 12 10 00 00 44 61 6E 20 53 65 6D 75 20 20 20 20 20 20 20 20 23 F7 	; Unknown Roland SysEx
084:01:240	F0 41 10 45 12 10 00 00 44 61 6E 20 53 65 6D 75 61 20 20 20 20 20 20 20 62 F7 	; Unknown Roland SysEx
084:01:240	F0 41 10 45 12 10 01 00 0F 10 10 10 10 10 10 10 10 10 10 10 10 10 10 0F 13 0A 0A 0A 0A 0A 0A 0A 0B 0A 0A 0A 0A 0A 0A 12 1F 00 00 00 00 00 00 00 1C 00 00 00 00 00 00 00 10 00 00 00 00 00 00 00 00 00 00 00 00 00 00 00 74 F7 	; Unknown Roland SysEx
084:02:000	F0 41 10 45 12 10 00 00 44 61 6E 20 53 65 6D 75 61 20 69 20 20 20 20 20 19 F7 	; Unknown Roland SysEx
084:02:240	F0 41 10 45 12 10 00 00 44 61 6E 20 53 65 6D 75 61 20 69 6E 69 20 20 20 02 F7 	; Unknown Roland SysEx
084:02:240	F0 41 10 45 12 10 01 00 1F 1F 1F 1F 1F 1E 1C 18 1C 1E 1F 1F 1F 1F 1F 1F 1F 1F 19 10 00 00 06 0F 06 00 00 10 19 1F 1F 1F 1F 1F 1F 1F 0F 07 03 01 03 07 0F 1F 1F 1F 1F 1F 10 10 10 10 10 10 10 10 10 10 10 10 10 10 10 10 3C F7 	; Unknown Roland SysEx
084:03:240	F0 41 10 45 12 10 00 00 73 65 20 20 20 20 20 20 20 20 20 20 20 20 20 20 58 F7 	; Unknown Roland SysEx
084:04:000	F0 41 10 45 12 10 00 00 73 65 6D 61 20 20 20 20 20 20 20 20 20 20 20 20 4A F7 	; Unknown Roland SysEx
084:04:240	F0 41 10 45 12 10 00 00 73 65 6D 61 6B 69 6E 20 20 20 20 20 20 20 20 20 68 F7 	; Unknown Roland SysEx
085:01:240	F0 41 10 45 12 10 00 00 73 65 6D 61 6B 69 6E 20 6B 75 20 20 20 20 20 20 48 F7 	; Unknown Roland SysEx
085:02:000	F0 41 10 45 12 10 00 00 73 65 6D 61 6B 69 6E 20 6B 75 72 61 20 20 20 20 35 F7 	; Unknown Roland SysEx
085:02:240	F0 41 10 45 12 10 00 00 73 65 6D 61 6B 69 6E 20 6B 75 72 61 73 61 20 20 21 F7 	; Unknown Roland SysEx
085:02:240	F0 41 10 45 12 10 01 00 00 00 10 08 04 06 03 01 00 00 01 03 0C 18 10 10 08 08 0C 04 04 00 00 12 05 05 02 00 00 04 04 08 04 08 08 18 10 00 00 00 07 00 00 00 00 0C 06 02 00 00 00 00 00 00 00 00 10 00 00 00 00 00 00 00 48 F7 	; Unknown Roland SysEx
085:04:240	F0 41 10 45 12 10 00 00 53 65 20 20 20 20 20 20 20 20 20 20 20 20 20 20 78 F7 	; Unknown Roland SysEx
085:04:240	F0 41 10 45 12 10 01 00 1F 00 00 00 00 00 00 00 00 00 00 00 00 00 00 00 1C 00 00 00 00 00 00 00 00 00 00 00 00 00 00 00 00 00 00 00 00 00 00 00 00 00 00 00 00 00 00 00 00 00 00 00 00 00 00 00 00 00 00 00 00 00 00 00 34 F7 	; Unknown Roland SysEx
085:04:280	F0 41 10 45 12 10 00 00 53 65 62 61 20 20 20 20 20 20 20 20 20 20 20 20 75 F7 	; Unknown Roland SysEx
085:04:280	F0 41 10 45 12 10 01 00 1F 00 00 00 00 00 00 00 00 00 00 00 00 00 00 00 1F 00 00 00 00 00 00 00 00 00 00 00 00 00 00 00 1F 00 00 00 00 00 00 00 00 00 00 00 00 00 00 00 10 00 00 00 00 00 00 00 00 00 00 00 00 00 00 00 02 F7 	; Unknown Roland SysEx
086:01:240	F0 41 10 45 12 10 00 00 53 65 62 61 67 61 20 20 20 20 20 20 20 20 20 20 6D F7 	; Unknown Roland SysEx
086:01:240	F0 41 10 45 12 10 01 00 1F 00 00 00 00 00 00 00 00 00 00 00 00 00 00 1F 1F 00 00 00 00 00 00 00 00 00 00 00 00 00 00 1C 1F 00 00 00 00 00 00 00 00 00 00 00 00 00 00 00 10 00 00 00 00 00 00 00 00 00 00 00 00 00 00 00 47 F7 	; Unknown Roland SysEx
086:01:260	F0 41 10 45 12 10 00 00 53 65 62 61 67 61 69 20 20 20 20 20 20 20 20 20 24 F7 	; Unknown Roland SysEx
086:01:260	F0 41 10 45 12 10 01 00 1F 00 00 00 00 00 00 00 00 00 00 00 00 00 00 1F 1F 00 00 00 00 00 00 00 00 00 00 00 00 00 00 1F 1F 00 00 00 00 00 00 00 00 00 00 00 00 00 00 1F 10 00 00 00 00 00 00 00 00 00 00 00 00 00 00 10 15 F7 	; Unknown Roland SysEx
086:02:000	F0 41 10 45 12 10 00 00 53 65 62 61 67 61 69 20 6E 69 6B 20 20 20 20 20 42 F7 	; Unknown Roland SysEx
086:02:000	F0 41 10 45 12 10 01 00 1F 00 00 00 00 00 00 00 0F 08 08 08 0C 06 07 1F 1F 00 00 00 00 00 00 00 1F 01 01 01 03 06 1E 1F 1F 00 00 00 00 00 00 00 00 18 08 08 18 00 00 1F 10 00 00 00 00 00 00 00 00 00 00 00 00 00 00 10 4C F7 	; Unknown Roland SysEx
086:02:240	F0 41 10 45 12 10 00 00 53 65 62 61 67 61 69 20 6E 69 6B 6D 61 74 20 20 60 F7 	; Unknown Roland SysEx
086:02:240	F0 41 10 45 12 10 01 00 1F 00 00 08 04 04 02 00 0F 08 08 08 0C 06 07 1F 1F 00 10 11 12 12 14 00 1F 01 01 01 03 06 1E 1F 1F 00 00 00 00 00 00 00 00 18 08 08 18 00 00 1F 10 00 00 00 00 00 00 00 00 00 00 00 00 00 00 10 61 F7 	; Unknown Roland SysEx
086:03:240	F0 41 10 45 12 10 00 00 40 40 40 40 40 40 40 40 40 40 40 40 40 40 40 40 70 F7 	; Unknown Roland SysEx
086:03:240	F0 41 10 45 12 10 01 00 1F 00 02 04 02 01 02 00 0F 08 08 08 0C 06 07 1F 1F 00 08 10 08 04 08 00 1F 01 01 01 03 06 1E 1F 1F 00 00 00 00 00 00 00 00 18 08 08 18 00 00 1F 10 00 00 00 00 00 00 00 00 00 00 00 00 00 00 10 15 F7 	; Unknown Roland SysEx
086:04:000	F0 41 10 45 12 10 00 00 79 61 6E 67 20 74 20 20 20 20 20 20 20 20 20 20 6D F7 	; Unknown Roland SysEx
086:04:000	F0 41 10 45 12 10 01 00 1F 00 02 04 02 01 02 00 00 00 00 00 00 00 00 1F 1F 00 08 10 08 00 00 06 06 00 00 00 00 00 00 1F 1F 00 00 00 00 00 00 00 00 00 00 00 00 00 00 1F 10 00 00 00 00 00 00 00 00 00 00 00 00 00 00 10 5E F7 	; Unknown Roland SysEx
086:04:020	F0 41 10 45 12 10 00 00 79 61 6E 67 20 74 6C 61 68 20 20 20 20 20 20 20 18 F7 	; Unknown Roland SysEx
086:04:020	F0 41 10 45 12 10 01 00 1F 00 00 02 01 00 00 03 03 00 00 01 02 00 00 1F 19 00 06 06 06 16 00 10 10 00 16 06 06 06 00 19 1F 00 00 04 08 10 00 1C 1C 00 10 08 04 00 00 1F 10 00 00 00 00 00 00 00 00 00 00 00 00 00 00 10 35 F7 	; Unknown Roland SysEx
086:04:240	F0 41 10 45 12 10 00 00 79 61 6E 67 20 74 6C 61 68 20 4B 61 20 20 20 20 2C F7 	; Unknown Roland SysEx
086:04:240	F0 41 10 45 12 10 01 00 00 00 00 00 00 00 00 08 08 00 00 00 00 00 00 1F 00 00 00 00 00 00 00 00 00 00 00 00 00 06 00 1F 00 00 00 00 00 00 00 01 01 00 00 00 00 00 00 1F 00 00 00 00 00 00 00 00 00 00 00 00 00 00 00 10 6A F7 	; Unknown Roland SysEx
086:04:260	F0 41 10 45 12 10 00 00 79 61 6E 67 20 74 6C 61 68 20 4B 61 75 20 20 20 57 F7 	; Unknown Roland SysEx
086:04:260	F0 41 10 45 12 10 01 00 00 00 00 00 01 03 07 0F 00 00 00 00 00 00 00 1F 00 06 0F 1F 1F 1F 1F 1F 06 06 06 06 06 06 00 1F 00 00 00 10 18 1C 1E 1F 00 00 00 00 00 00 00 1F 00 00 00 00 00 00 00 00 00 00 00 00 00 00 00 10 13 F7 	; Unknown Roland SysEx
087:01:240	F0 41 10 45 12 10 00 00 62 65 20 20 20 20 20 20 20 20 20 20 20 20 20 20 69 F7 	; Unknown Roland SysEx
087:01:240	F0 41 10 45 12 10 01 00 00 00 00 00 01 03 07 0F 00 00 00 00 00 00 00 1F 00 06 0F 1F 1F 1F 1F 1F 00 00 00 00 00 0F 0F 1F 00 00 00 10 18 1C 1E 1F 00 00 00 00 00 00 00 1F 00 00 00 00 00 00 00 00 00 00 00 00 00 00 00 10 19 F7 	; Unknown Roland SysEx
087:02:000	F0 41 10 45 12 10 00 00 62 65 72 69 20 20 20 20 20 20 20 20 20 20 20 20 4E F7 	; Unknown Roland SysEx
087:02:000	F0 41 10 45 12 10 01 00 00 00 00 00 01 03 07 0E 00 00 00 01 01 01 01 1F 00 06 0F 1F 19 10 00 00 00 00 00 00 10 1F 1F 1F 00 00 00 10 18 1C 0E 07 00 00 00 08 18 18 18 1F 00 00 00 00 00 00 00 00 00 00 00 00 00 00 00 10 11 F7 	; Unknown Roland SysEx
087:02:240	F0 41 10 45 12 10 00 00 62 65 72 69 6B 61 6E 20 20 20 20 20 20 20 20 20 74 F7 	; Unknown Roland SysEx
087:02:240	F0 41 10 45 12 10 01 00 00 00 0C 06 01 01 00 00 08 0C 0E 0F 0F 0F 0F 1F 0A 0A 0A 0A 0A 00 00 00 00 00 00 00 10 1F 1F 1F 10 10 13 16 14 04 00 00 01 03 07 0F 1F 1F 1F 1F 00 00 00 00 00 00 00 00 00 00 00 00 00 00 00 10 38 F7 	; Unknown Roland SysEx
087:04:000	F0 41 10 45 12 10 00 00 54 61 6B 50 F7 	; Unknown Roland SysEx
087:04:000	F0 41 10 45 12 10 01 00 01 02 02 02 02 02 02 02 02 02 02 02 03 03 03 01 1F 00 00 00 01 01 03 07 0E 0C 18 18 10 10 00 1F 18 0C 1C 1C 14 14 04 04 04 04 04 04 04 04 04 18 00 00 00 00 00 00 00 00 00 00 00 00 00 00 00 00 5A F7 	; Unknown Roland SysEx
087:04:240	F0 41 10 45 12 10 00 00 54 61 6B 6B 61 6E 16 F7 	; Unknown Roland SysEx
088:01:000	F0 41 10 45 12 10 00 00 54 61 6B 6B 61 6E 20 6B 75 16 F7 	; Unknown Roland SysEx
088:01:240	F0 41 10 45 12 10 00 00 54 61 6B 6B 61 6E 20 6B 75 6C 61 6E 67 74 F7 	; Unknown Roland SysEx
088:02:000	F0 41 10 45 12 10 00 00 54 61 6B 6B 61 6E 20 6B 75 6C 61 6E 67 6B 61 68 40 F7 	; Unknown Roland SysEx
088:02:000	F0 41 10 45 12 10 01 00 02 02 02 02 02 02 02 02 03 02 02 02 02 02 02 03 04 04 04 04 04 04 04 04 1F 03 03 03 00 00 00 1F 00 00 00 00 00 00 00 00 18 0C 04 06 02 02 02 1E 00 00 00 00 00 00 00 00 00 00 00 00 00 00 00 00 14 F7 	; Unknown Roland SysEx
088:02:240	F0 41 10 45 12 10 00 00 6B 61 6E 36 F7 	; Unknown Roland SysEx
088:03:240	F0 41 10 45 12 10 00 00 6B 61 6E 20 6B 61 4A F7 	; Unknown Roland SysEx
088:03:240	F0 41 10 45 12 10 01 00 02 02 02 02 02 02 02 02 03 02 02 02 02 02 02 03 04 04 04 04 04 04 04 04 1F 03 03 03 00 00 00 1F 1B 0A 0E 04 0A 1B 11 00 18 0C 04 06 02 02 02 1E 00 00 00 00 00 00 00 00 00 00 00 00 00 00 00 00 27 F7 	; Unknown Roland SysEx
088:04:000	F0 41 10 45 12 10 00 00 6B 61 6E 20 6B 61 6B 69 76 F7 	; Unknown Roland SysEx
088:04:240	F0 41 10 45 12 10 00 00 6B 61 6E 20 6B 61 6B 69 6B 75 16 F7 	; Unknown Roland SysEx
089:01:240	F0 41 10 45 12 10 00 00 6B 61 6E 20 6B 61 6B 69 6B 75 20 6C 61 29 F7 	; Unknown Roland SysEx
089:01:240	F0 41 10 45 12 10 01 00 0E 11 11 11 11 11 11 11 11 1F 11 11 11 11 11 11 00 00 00 00 00 00 00 00 00 00 0C 0A 0A 0A 0A 0B 00 00 00 00 00 00 00 00 00 00 0F 0A 0A 0A 0A 0A 00 00 00 00 00 00 00 00 00 00 00 10 10 10 10 10 04 F7 	; Unknown Roland SysEx
089:02:000	F0 41 10 45 12 10 00 00 6B 61 6E 20 6B 61 6B 69 6B 75 20 6C 61 2D 61 1B F7 	; Unknown Roland SysEx
089:02:000	F0 41 10 45 12 10 01 00 11 0E 0E 0E 0E 0E 0E 0E 0E 00 0E 0E 0E 0E 0E 0E 1F 1F 1F 1F 1F 1F 1F 1F 1F 1F 13 15 15 15 15 14 1F 1F 1F 1F 1F 1F 1F 1F 1F 1F 10 15 15 15 15 15 10 10 10 10 10 10 10 10 10 10 10 00 00 00 00 00 0A F7 	; Unknown Roland SysEx
089:02:240	F0 41 10 45 12 10 00 00 6B 61 6E 20 6B 61 6B 69 6B 75 20 6C 61 67 69 59 F7 	; Unknown Roland SysEx
089:02:240	F0 41 10 45 12 10 01 00 0E 11 11 11 11 11 11 11 11 1F 11 11 11 11 11 11 00 00 00 00 00 00 00 00 00 00 0C 0A 0A 0A 0A 0B 00 00 00 00 00 00 00 00 00 00 0F 0A 0A 0A 0A 0A 00 00 00 00 00 00 00 00 00 00 00 10 10 10 10 10 04 F7 	; Unknown Roland SysEx
089:04:240	F0 41 10 45 12 10 00 00 54 61 6E 4D F7 	; Unknown Roland SysEx
089:04:240	F0 41 10 45 12 10 01 00 00 00 00 00 00 00 00 00 00 00 00 00 00 00 00 00 00 00 00 00 00 10 09 06 06 09 10 00 00 00 00 00 00 00 00 00 00 10 00 00 00 00 10 00 00 00 00 00 00 00 00 00 00 00 00 00 00 00 00 00 00 00 00 00 11 F7 	; Unknown Roland SysEx
090:01:000	F0 41 10 45 12 10 00 00 54 61 6E 70 61 7C F7 	; Unknown Roland SysEx
090:01:240	F0 41 10 45 12 10 00 00 54 61 6E 70 61 20 62 69 6D 24 F7 	; Unknown Roland SysEx
090:01:240	F0 41 10 45 12 10 01 00 00 00 00 00 00 00 00 00 1C 13 10 18 0C 06 03 00 00 00 00 00 00 00 00 00 00 1F 00 00 00 03 1E 00 00 00 00 00 00 00 00 00 1F 08 08 08 1F 00 00 00 00 00 00 00 00 00 00 00 10 00 00 00 10 00 00 00 4D F7 	; Unknown Roland SysEx
090:01:280	F0 41 10 45 12 10 00 00 54 61 6E 70 61 20 62 69 6D 62 69 59 F7 	; Unknown Roland SysEx
090:01:280	F0 41 10 45 12 10 01 00 03 06 18 00 00 00 00 00 1C 13 10 18 0C 06 03 00 18 00 00 00 00 00 00 00 00 1F 00 00 00 03 1E 00 00 00 00 00 00 00 00 00 1F 08 08 08 1F 00 00 00 00 00 00 00 00 00 00 00 10 00 00 00 10 00 00 00 14 F7 	; Unknown Roland SysEx
090:02:000	F0 41 10 45 12 10 00 00 54 61 6E 70 61 20 62 69 6D 62 69 6E 67 61 6E 35 F7 	; Unknown Roland SysEx
090:02:000	F0 41 10 45 12 10 01 00 00 00 00 00 00 00 00 00 1F 01 01 01 1F 00 00 00 00 00 00 00 00 0F 13 11 01 00 00 01 02 16 11 0F 00 00 00 00 00 00 10 10 1F 18 18 18 0F 10 10 00 00 00 00 00 00 00 00 00 10 00 00 00 10 00 00 00 6B F7 	; Unknown Roland SysEx
090:02:240	F0 41 10 45 12 10 00 00 4D 75 2E F7 	; Unknown Roland SysEx
090:02:240	F0 41 10 45 12 10 01 00 00 00 00 00 01 02 00 00 00 00 00 00 00 00 00 00 00 04 0E 15 04 04 04 04 04 04 04 04 04 04 04 04 00 00 00 00 10 08 00 00 00 00 00 00 00 00 00 00 00 00 00 00 00 00 00 00 00 00 00 00 00 00 00 00 7D F7 	; Unknown Roland SysEx
090:03:240	F0 41 10 45 12 10 00 00 4D 75 20 54 55 65 F7 	; Unknown Roland SysEx
090:03:240	F0 41 10 45 12 10 01 00 00 00 00 01 01 01 00 00 00 00 00 00 00 00 00 00 06 06 06 1F 1F 1F 06 06 06 06 06 06 06 06 06 06 00 00 00 18 18 18 00 00 00 00 00 00 00 00 00 00 00 00 00 00 00 00 00 00 00 00 00 00 00 00 00 00 79 F7 	; Unknown Roland SysEx
090:04:240	F0 41 10 45 12 10 00 00 28 2B 29 20 20 54 55 48 41 4E 20 20 20 28 2B 29 58 F7 	; Unknown Roland SysEx
090:04:240	F0 41 10 45 12 10 01 00 00 00 00 01 01 01 00 00 00 01 01 02 0A 0E 06 04 06 06 06 1F 1F 1F 06 06 06 06 06 06 06 06 06 06 00 00 00 18 18 18 00 00 00 00 01 01 05 05 03 02 00 00 00 00 00 00 00 00 00 10 00 00 00 00 00 00 32 F7 	; Unknown Roland SysEx
092:01:000	F0 41 10 45 12 10 00 00 54 6F 6F 6C 20 75 73 65 64 3A 47 F7 	; Unknown Roland SysEx
092:01:000	F0 41 10 45 12 10 01 00 03 02 06 0C 08 10 10 10 1F 10 10 10 10 10 10 1F 1F 10 10 1F 00 0F 09 09 19 09 0F 00 00 00 00 1F 1C 14 16 13 01 00 00 00 1F 00 00 00 00 00 00 1F 00 00 00 00 00 10 10 10 10 10 10 10 10 10 10 10 6B F7 	; Unknown Roland SysEx
092:02:240	F0 41 10 45 12 10 00 00 53 43 2D 38 38 50 72 6F 0C F7 	; Unknown Roland SysEx
092:02:240	F0 41 10 45 12 10 01 00 00 00 07 05 07 05 07 00 1F 17 17 17 17 17 10 1F 00 00 0E 0A 0E 0A 0E 00 1F 10 17 17 17 17 10 1F 00 00 1C 14 1C 10 10 00 1F 13 15 16 16 15 13 1F 00 00 00 00 00 00 00 00 10 10 10 10 10 10 10 10 71 F7 	; Unknown Roland SysEx
092:02:360	F0 41 10 45 12 10 00 00 4C 43 44 20 53 79 73 45 58 21 F7 	; Unknown Roland SysEx
092:02:400	F0 41 10 45 12 10 00 00 4C 43 44 20 53 79 73 45 78 20 47 65 6E 2E 2E 2E 3D F7 	; Unknown Roland SysEx
092:03:240	F0 41 10 45 12 10 01 00 0C 12 12 12 12 12 12 12 12 12 12 12 12 12 12 0C 11 11 11 11 11 11 11 11 11 11 11 11 11 11 11 1D 1A 02 02 02 02 02 02 1A 1B 02 02 02 02 02 02 1A 00 00 00 00 00 00 00 00 10 10 10 10 10 10 10 10 3E F7 	; Unknown Roland SysEx
092:03:240	F0 41 10 45 12 10 00 00 62 79 15 F7 	; Unknown Roland SysEx
093:01:000	F0 41 10 45 12 10 00 00 53 6F 6D 65 74 68 69 6E 67 55 6E 72 65 61 6C 5B F7 	; Unknown Roland SysEx
093:01:000	F0 41 10 45 12 10 01 00 1C 14 16 12 13 19 0C 06 03 03 03 03 03 03 03 03 0E 0A 1A 12 12 06 0C 18 10 16 18 18 16 11 11 16 00 00 00 00 00 00 00 00 04 04 04 04 04 04 04 03 00 00 00 00 00 00 00 00 10 10 10 10 10 10 10 10 7E F7 	; Unknown Roland SysEx
094:01:000	F0 41 10 45 12 10 00 00 5A 7A 7A 7A 7A 7A 7A 7A 7A 7A 7A 7A 7A 7A 7A 7A 70 F7 	; Unknown Roland SysEx
094:01:000	F0 41 10 45 12 10 01 00 1F 17 1F 1F 16 1D 1B 10 07 17 14 14 14 00 1F 1F 1F 0F 1F 1D 1F 0F 16 03 19 1B 13 1B 1B 00 1F 1F 1F 19 11 13 13 11 19 1F 1F 0B 1F 1F 1F 00 1F 1F 10 10 00 10 10 10 10 00 10 10 10 10 10 00 10 10 4C F7 	; Unknown Roland SysEx
095:03:000	F0 41 10 45 12 10 00 00 54 68 65 20 65 6E 64 2E 4A F7 	; Unknown Roland SysEx
095:03:000	F0 41 10 45 12 10 01 00 18 1E 1E 1E 1E 1E 1E 1E 11 17 17 17 11 17 17 11 07 1B 1B 1B 18 1A 1A 1A 1F 1F 1F 1F 06 0A 0A 0A 1F 1F 1F 11 15 11 17 11 1F 17 17 17 07 17 17 05 10 10 10 10 10 10 10 10 10 10 10 10 10 10 10 10 27 F7 	; Unknown Roland SysEx
096:01:000	F0 41 10 45 12 10 01 00 00 00 00 00 03 02 02 03 02 02 03 00 00 00 00 00 00 00 00 00 00 10 10 00 15 15 07 01 01 07 00 00 00 00 00 00 00 00 0E 0A 0E 08 0E 00 00 00 00 00 00 00 00 00 00 00 00 00 00 00 00 00 00 00 00 00 48 F7 	; Unknown Roland SysEx

[end list]
